5.007999999999999829e+01
3.000000000000000000e+01
6.015999999999999659e+01
4.000000000000000000e+01
4.000000000000000000e+01
5.003999999999999915e+01
5.000000000000000000e+01
4.996000000000000085e+01
3.000000000000000000e+01
7.004999999999999716e+01
4.000000000000000000e+01
5.992999999999999972e+01
6.998999999999999488e+01
5.002000000000000313e+01
4.000000000000000000e+01
5.000000000000000000e+01
3.000000000000000000e+01
6.998999999999999488e+01
5.982000000000000028e+01
5.978999999999999915e+01
3.000000000000000000e+01
5.000000000000000000e+01
7.004999999999999716e+01
5.981000000000000227e+01
3.000000000000000000e+01
4.997999999999999687e+01
6.995000000000000284e+01
3.000000000000000000e+01
7.010999999999999943e+01
7.001000000000000512e+01
3.000000000000000000e+01
3.000000000000000000e+01
5.002000000000000313e+01
6.009000000000000341e+01
3.000000000000000000e+01
3.000000000000000000e+01
4.000000000000000000e+01
6.010999999999999943e+01
4.000000000000000000e+01
4.997999999999999687e+01
5.000000000000000000e+01
7.007999999999999829e+01
5.000000000000000000e+01
7.004000000000000625e+01
4.989000000000000057e+01
7.006000000000000227e+01
6.993999999999999773e+01
4.000000000000000000e+01
5.990999999999999659e+01
6.998999999999999488e+01
3.000000000000000000e+01
7.012999999999999545e+01
5.985999999999999943e+01
4.000000000000000000e+01
6.013000000000000256e+01
