3.273000e-01 4.017000e-01
3.347000e-01 2.090000e-02
3.878000e-01 1.767000e-01
3.080000e-01 5.781000e-01
2.653000e-01 1.412000e-01
5.285000e-01 4.408000e-01
8.940000e-02 4.235000e-01
4.272000e-01 3.263000e-01
3.961000e-01 2.339000e-01
5.560000e-01 4.431000e-01
5.415000e-01 3.093000e-01
3.870000e-01 3.691000e-01
2.372000e-01 3.645000e-01
6.976000e-01 8.260000e-02
2.625000e-01 2.860000e-01
1.924000e-01 4.226000e-01
1.132000e-01 7.360000e-01
2.820000e-01 4.354000e-01
2.489000e-01 3.800000e-01
6.740000e-02 8.556000e-01
1.184000e-01 6.581000e-01
1.362000e-01 4.268000e-01
4.780000e-01 3.072000e-01
1.300000e-01 1.831000e-01
5.139000e-01 2.693000e-01
8.390000e-02 4.316000e-01
5.260000e-02 4.397000e-01
1.608000e-01 3.771000e-01
8.191000e-01 1.583000e-01
3.562000e-01 3.688000e-01
6.506000e-01 2.000000e-02
1.622000e-01 5.869000e-01
2.861000e-01 2.700000e-01
2.056000e-01 4.784000e-01
6.493000e-01 1.177000e-01
1.565000e-01 6.352000e-01
1.400000e-03 4.502000e-01
4.176000e-01 8.780000e-02
2.264000e-01 1.133000e-01
3.634000e-01 4.774000e-01
4.695000e-01 2.552000e-01
3.890000e-01 5.791000e-01
2.931000e-01 2.968000e-01
4.395000e-01 4.984000e-01
7.900000e-02 5.000000e-01
1.200000e-01 4.860000e-01
1.168000e-01 3.726000e-01
3.202000e-01 6.139000e-01
6.360000e-02 6.346000e-01
1.183000e-01 5.086000e-01
4.578000e-01 2.400000e-01
7.880000e-02 3.953000e-01
1.568000e-01 6.562000e-01
4.960000e-01 4.405000e-01
6.423000e-01 3.127000e-01
9.270000e-02 8.552000e-01
4.962000e-01 3.155000e-01
4.226000e-01 3.779000e-01
1.729000e-01 6.418000e-01
4.603000e-01 3.840000e-02
3.175000e-01 3.624000e-01
4.250000e-01 2.600000e-01
1.966000e-01 2.555000e-01
5.267000e-01 1.920000e-02
4.074000e-01 3.199000e-01
1.393000e-01 3.561000e-01
5.859000e-01 1.979000e-01
2.734000e-01 3.088000e-01
1.267000e-01 3.838000e-01
7.720000e-02 4.066000e-01
7.000000e-03 5.461000e-01
4.639000e-01 4.568000e-01
5.025000e-01 4.550000e-02
4.854000e-01 7.790000e-02
1.607000e-01 4.283000e-01
3.967000e-01 5.983000e-01
6.785000e-01 1.110000e-02
3.560000e-02 3.120000e-01
3.099000e-01 3.612000e-01
4.325000e-01 2.588000e-01
2.460000e-01 2.126000e-01
5.872000e-01 1.409000e-01
1.537000e-01 5.024000e-01
9.600000e-03 2.214000e-01
4.733000e-01 1.071000e-01
3.348000e-01 3.034000e-01
3.152000e-01 2.673000e-01
3.723000e-01 1.575000e-01
2.096000e-01 3.275000e-01
1.406000e-01 2.151000e-01
3.626000e-01 4.052000e-01
1.503000e-01 4.630000e-01
3.870000e-01 5.589000e-01
1.446000e-01 3.869000e-01
1.704000e-01 6.721000e-01
4.557000e-01 5.240000e-02
3.584000e-01 4.555000e-01
3.007000e-01 4.596000e-01
3.906000e-01 4.083000e-01
4.380000e-01 3.180000e-01
4.255000e-01 6.960000e-02
5.124000e-01 1.745000e-01
3.784000e-01 5.977000e-01
5.768000e-01 5.450000e-02
4.621000e-01 4.153000e-01
6.243000e-01 3.112000e-01
3.684000e-01 5.338000e-01
3.858000e-01 6.126000e-01
2.170000e-02 8.608000e-01
3.872000e-01 5.227000e-01
2.120000e-02 7.498000e-01
3.186000e-01 1.117000e-01
1.606000e-01 5.373000e-01
1.015000e-01 4.741000e-01
3.392000e-01 1.989000e-01
3.284000e-01 4.529000e-01
3.998000e-01 1.387000e-01
7.387000e-01 9.920000e-02
3.344000e-01 5.291000e-01
5.605000e-01 2.463000e-01
5.430000e-01 3.427000e-01
5.699000e-01 2.715000e-01
4.239000e-01 1.501000e-01
2.800000e-01 3.398000e-01
3.552000e-01 4.773000e-01
2.475000e-01 5.199000e-01
1.374000e-01 5.252000e-01
4.131000e-01 3.500000e-02
6.713000e-01 4.250000e-02
2.248000e-01 3.850000e-01
4.264000e-01 1.822000e-01
2.354000e-01 2.655000e-01
2.224000e-01 2.593000e-01
4.481000e-01 2.500000e-02
9.940000e-02 4.873000e-01
5.810000e-01 2.747000e-01
2.292000e-01 4.078000e-01
4.107000e-01 2.360000e-01
3.028000e-01 2.717000e-01
4.420000e-01 5.840000e-02
5.395000e-01 5.670000e-02
2.668000e-01 4.835000e-01
9.900000e-03 6.578000e-01
4.808000e-01 2.604000e-01
1.426000e-01 4.818000e-01
3.285000e-01 3.432000e-01
6.630000e-02 2.152000e-01
6.836000e-01 1.350000e-02
4.230000e-01 3.310000e-02
1.490000e-01 5.679000e-01
4.324000e-01 5.200000e-03
3.776000e-01 6.092000e-01
8.640000e-02 5.272000e-01
4.653000e-01 4.096000e-01
3.975000e-01 5.447000e-01
4.825000e-01 2.291000e-01
5.574000e-01 1.389000e-01
3.776000e-01 3.192000e-01
5.707000e-01 9.070000e-02
2.451000e-01 2.864000e-01
1.470000e-01 1.456000e-01
5.365000e-01 2.480000e-01
2.093000e-01 3.762000e-01
4.556000e-01 4.502000e-01
4.263000e-01 7.920000e-02
1.590000e-02 1.756000e-01
4.912000e-01 2.421000e-01
3.357000e-01 5.961000e-01
2.043000e-01 2.865000e-01
4.418000e-01 1.872000e-01
6.136000e-01 3.523000e-01
4.760000e-02 5.267000e-01
3.993000e-01 8.520000e-02
3.938000e-01 4.348000e-01
1.259000e-01 3.997000e-01
3.487000e-01 3.778000e-01
3.694000e-01 3.477000e-01
2.591000e-01 4.182000e-01
1.639000e-01 4.130000e-01
2.168000e-01 6.102000e-01
1.524000e-01 4.373000e-01
5.914000e-01 3.276000e-01
1.884000e-01 5.538000e-01
7.870000e-02 7.672000e-01
2.310000e-01 2.168000e-01
7.491000e-01 5.190000e-02
2.612000e-01 3.095000e-01
2.794000e-01 3.223000e-01
4.823000e-01 1.355000e-01
3.911000e-01 2.265000e-01
4.694000e-01 3.441000e-01
3.783000e-01 2.070000e-01
4.667000e-01 6.750000e-02
2.803000e-01 5.355000e-01
4.021000e-01 2.456000e-01
9.600000e-03 2.236000e-01
7.071000e-01 2.277000e-01
2.973000e-01 3.466000e-01
5.424000e-01 2.217000e-01
3.484000e-01 3.435000e-01
3.185000e-01 6.004000e-01
2.975000e-01 3.272000e-01
7.498000e-01 2.096000e-01
1.222000e-01 7.708000e-01
3.998000e-01 2.355000e-01
4.920000e-01 3.857000e-01
4.473000e-01 2.978000e-01
2.201000e-01 3.678000e-01
4.490000e-01 3.228000e-01
3.193000e-01 2.518000e-01
3.675000e-01 2.837000e-01
3.796000e-01 1.933000e-01
4.588000e-01 1.079000e-01
7.130000e-02 6.857000e-01
4.316000e-01 5.700000e-03
3.929000e-01 3.006000e-01
4.745000e-01 1.294000e-01
3.427000e-01 2.255000e-01
1.115000e-01 3.460000e-01
5.603000e-01 4.269000e-01
4.040000e-01 2.849000e-01
3.844000e-01 3.734000e-01
2.063000e-01 5.104000e-01
3.219000e-01 2.714000e-01
2.847000e-01 6.989000e-01
1.511000e-01 3.725000e-01
2.520000e-02 1.503000e-01
4.058000e-01 3.675000e-01
3.097000e-01 2.099000e-01
2.199000e-01 3.772000e-01
8.797000e-01 3.750000e-02
6.174000e-01 2.600000e-02
2.022000e-01 3.902000e-01
2.199000e-01 5.381000e-01
2.470000e-01 5.362000e-01
1.121000e-01 5.458000e-01
4.344000e-01 2.271000e-01
2.337000e-01 7.639000e-01
4.054000e-01 2.034000e-01
4.402000e-01 2.459000e-01
4.033000e-01 3.219000e-01
5.312000e-01 9.750000e-02
4.067000e-01 5.303000e-01
4.358000e-01 2.080000e-01
4.226000e-01 4.766000e-01
4.410000e-01 3.835000e-01
1.070000e-02 7.913000e-01
1.210000e-02 5.192000e-01
5.419000e-01 2.027000e-01
1.651000e-01 4.324000e-01
2.896000e-01 2.787000e-01
5.573000e-01 7.900000e-02
3.501000e-01 1.969000e-01
1.201000e-01 3.379000e-01
5.368000e-01 4.586000e-01
6.726000e-01 2.835000e-01
3.959000e-01 1.415000e-01
2.115000e-01 4.852000e-01
4.359000e-01 4.478000e-01
5.341000e-01 1.592000e-01
2.696000e-01 6.342000e-01
4.147000e-01 3.080000e-01
4.051000e-01 1.915000e-01
3.603000e-01 2.330000e-01
9.970000e-02 5.155000e-01
2.916000e-01 3.234000e-01
8.710000e-02 4.641000e-01
7.368000e-01 8.630000e-02
1.729000e-01 1.820000e-01
1.595000e-01 4.034000e-01
6.670000e-01 1.885000e-01
1.971000e-01 7.860000e-02
3.375000e-01 2.647000e-01
2.223000e-01 7.598000e-01
4.121000e-01 2.376000e-01
6.065000e-01 1.882000e-01
1.468000e-01 8.283000e-01
5.075000e-01 2.932000e-01
1.925000e-01 5.261000e-01
5.474000e-01 1.283000e-01
4.978000e-01 3.786000e-01
3.510000e-02 5.644000e-01
2.792000e-01 3.173000e-01
4.657000e-01 1.730000e-01
2.698000e-01 3.384000e-01
3.029000e-01 3.665000e-01
7.580000e-02 5.096000e-01
3.959000e-01 3.324000e-01
4.479000e-01 2.445000e-01
4.922000e-01 4.518000e-01
4.184000e-01 5.099000e-01
3.000000e-01 4.560000e-02
2.794000e-01 4.707000e-01
3.576000e-01 1.846000e-01
2.519000e-01 2.768000e-01
1.200000e-03 7.629000e-01
1.589000e-01 7.401000e-01
3.743000e-01 3.924000e-01
4.572000e-01 1.650000e-01
5.029000e-01 2.628000e-01
5.579000e-01 2.920000e-02
1.343000e-01 5.396000e-01
4.482000e-01 1.981000e-01
3.960000e-02 4.136000e-01
5.132000e-01 3.431000e-01
4.987000e-01 2.754000e-01
5.916000e-01 2.836000e-01
6.820000e-02 3.599000e-01
1.777000e-01 3.492000e-01
3.137000e-01 1.224000e-01
3.130000e-01 3.593000e-01
3.392000e-01 5.883000e-01
3.962000e-01 3.834000e-01
4.975000e-01 3.372000e-01
5.474000e-01 5.200000e-02
1.917000e-01 7.070000e-02
6.210000e-02 3.856000e-01
4.724000e-01 3.970000e-02
3.706000e-01 3.907000e-01
7.161000e-01 1.110000e-02
3.843000e-01 1.097000e-01
2.881000e-01 2.578000e-01
1.401000e-01 3.778000e-01
4.569000e-01 4.148000e-01
7.948000e-01 1.488000e-01
1.045000e-01 9.790000e-02
6.062000e-01 4.690000e-02
5.007000e-01 4.429000e-01
2.855000e-01 4.224000e-01
3.927000e-01 4.256000e-01
5.823000e-01 1.706000e-01
5.150000e-02 5.121000e-01
4.160000e-01 2.552000e-01
1.777000e-01 3.997000e-01
5.057000e-01 8.230000e-02
3.893000e-01 3.213000e-01
5.257000e-01 1.544000e-01
3.759000e-01 3.750000e-01
1.913000e-01 7.670000e-02
3.589000e-01 1.307000e-01
4.210000e-01 2.538000e-01
4.810000e-01 5.980000e-02
3.080000e-01 6.191000e-01
1.717000e-01 4.023000e-01
2.216000e-01 4.260000e-01
4.532000e-01 1.820000e-02
3.303000e-01 6.559000e-01
5.924000e-01 2.691000e-01
5.020000e-02 6.890000e-01
3.844000e-01 1.255000e-01
4.291000e-01 4.938000e-01
6.784000e-01 3.530000e-02
8.647000e-01 2.490000e-02
1.734000e-01 4.070000e-02
2.090000e-01 1.916000e-01
6.055000e-01 1.167000e-01
1.264000e-01 5.363000e-01
5.077000e-01 2.067000e-01
3.241000e-01 4.065000e-01
5.124000e-01 2.344000e-01
1.497000e-01 5.558000e-01
3.514000e-01 3.436000e-01
4.088000e-01 2.088000e-01
2.030000e-02 9.413000e-01
3.022000e-01 4.326000e-01
3.791000e-01 2.744000e-01
2.079000e-01 3.997000e-01
4.151000e-01 1.890000e-02
1.390000e-02 3.445000e-01
5.513000e-01 3.381000e-01
6.865000e-01 7.060000e-02
4.544000e-01 3.476000e-01
1.240000e-02 1.834000e-01
5.663000e-01 8.560000e-02
2.925000e-01 4.055000e-01
2.897000e-01 3.544000e-01
5.590000e-01 3.562000e-01
1.445000e-01 6.616000e-01
5.831000e-01 3.796000e-01
4.021000e-01 1.433000e-01
1.246000e-01 3.657000e-01
6.422000e-01 1.040000e-01
2.045000e-01 1.880000e-02
2.153000e-01 1.168000e-01
1.180000e-01 8.340000e-02
6.790000e-02 6.668000e-01
2.568000e-01 3.634000e-01
8.207000e-01 1.479000e-01
3.287000e-01 1.925000e-01
4.424000e-01 2.608000e-01
7.741000e-01 1.160000e-02
4.112000e-01 3.055000e-01
1.476000e-01 1.407000e-01
4.442000e-01 5.063000e-01
3.942000e-01 7.880000e-02
3.112000e-01 3.396000e-01
2.159000e-01 4.153000e-01
2.171000e-01 2.331000e-01
2.550000e-01 4.086000e-01
3.512000e-01 3.592000e-01
7.790000e-02 8.192000e-01
5.673000e-01 6.960000e-02
4.364000e-01 1.345000e-01
2.947000e-01 6.734000e-01
8.230000e-02 7.425000e-01
4.640000e-02 2.134000e-01
5.167000e-01 3.524000e-01
3.832000e-01 2.869000e-01
4.017000e-01 3.842000e-01
4.552000e-01 2.588000e-01
2.200000e-01 6.076000e-01
2.467000e-01 2.736000e-01
9.730000e-02 4.850000e-01
7.280000e-01 6.490000e-02
2.381000e-01 4.292000e-01
1.000000e-01 4.495000e-01
2.025000e-01 4.817000e-01
4.348000e-01 2.854000e-01
1.639000e-01 4.260000e-02
1.590000e-01 4.513000e-01
4.239000e-01 2.520000e-01
4.181000e-01 3.486000e-01
5.982000e-01 1.060000e-01
7.411000e-01 5.990000e-02
2.312000e-01 2.012000e-01
5.877000e-01 1.170000e-02
6.339000e-01 9.100000e-02
7.728000e-01 9.150000e-02
4.055000e-01 3.136000e-01
3.726000e-01 2.036000e-01
1.806000e-01 3.826000e-01
4.685000e-01 3.836000e-01
4.153000e-01 1.540000e-01
4.341000e-01 1.280000e-01
7.584000e-01 1.434000e-01
2.702000e-01 4.056000e-01
2.579000e-01 2.325000e-01
4.630000e-02 6.800000e-01
1.085000e-01 4.598000e-01
5.264000e-01 1.595000e-01
3.368000e-01 8.280000e-02
7.430000e-02 6.461000e-01
6.130000e-02 3.688000e-01
8.170000e-02 4.010000e-01
2.130000e-01 5.950000e-01
5.158000e-01 4.615000e-01
1.858000e-01 1.419000e-01
3.592000e-01 5.680000e-01
1.165000e-01 7.000000e-01
5.760000e-01 4.800000e-03
2.066000e-01 3.069000e-01
2.053000e-01 3.326000e-01
1.519000e-01 6.410000e-01
2.834000e-01 1.711000e-01
2.960000e-01 4.255000e-01
3.690000e-01 3.900000e-01
3.070000e-02 8.685000e-01
3.132000e-01 3.887000e-01
7.304000e-01 1.416000e-01
4.333000e-01 1.953000e-01
5.124000e-01 3.890000e-02
2.930000e-02 3.470000e-02
7.130000e-02 1.545000e-01
5.171000e-01 1.949000e-01
7.600000e-02 5.271000e-01
3.954000e-01 3.609000e-01
7.241000e-01 1.468000e-01
2.314000e-01 3.192000e-01
9.100000e-03 5.054000e-01
2.262000e-01 3.893000e-01
4.212000e-01 2.110000e-01
2.805000e-01 4.849000e-01
1.563000e-01 4.235000e-01
2.124000e-01 4.345000e-01
4.090000e-01 3.624000e-01
4.033000e-01 3.320000e-02
3.810000e-02 4.674000e-01
5.808000e-01 2.960000e-01
2.503000e-01 4.350000e-01
1.094000e-01 3.083000e-01
3.233000e-01 3.895000e-01
5.707000e-01 1.193000e-01
2.760000e-01 3.916000e-01
2.554000e-01 1.833000e-01
4.858000e-01 3.275000e-01
5.788000e-01 2.513000e-01
5.774000e-01 3.174000e-01
3.306000e-01 3.102000e-01
4.923000e-01 7.920000e-02
3.235000e-01 3.287000e-01
1.062000e-01 4.494000e-01
5.324000e-01 2.570000e-01
6.183000e-01 1.358000e-01
5.163000e-01 9.300000e-03
3.363000e-01 3.645000e-01
1.291000e-01 1.743000e-01
3.707000e-01 1.407000e-01
3.379000e-01 1.303000e-01
2.850000e-02 7.707000e-01
4.072000e-01 3.626000e-01
2.534000e-01 3.568000e-01
2.653000e-01 5.603000e-01
3.178000e-01 2.422000e-01
2.040000e-01 5.768000e-01
2.813000e-01 4.274000e-01
6.329000e-01 1.742000e-01
5.026000e-01 2.628000e-01
2.783000e-01 3.331000e-01
3.114000e-01 3.199000e-01
2.582000e-01 4.658000e-01
9.215000e-01 1.180000e-02
6.756000e-01 1.100000e-01
1.569000e-01 3.977000e-01
5.120000e-01 4.853000e-01
6.176000e-01 2.725000e-01
1.756000e-01 3.547000e-01
5.198000e-01 4.468000e-01
2.532000e-01 1.732000e-01
1.087000e-01 4.675000e-01
4.003000e-01 2.075000e-01
3.658000e-01 2.323000e-01
9.110000e-02 6.573000e-01
1.000000e-02 5.912000e-01
4.731000e-01 4.801000e-01
3.051000e-01 3.173000e-01
5.005000e-01 3.921000e-01
3.046000e-01 4.090000e-02
3.080000e-01 3.975000e-01
1.646000e-01 3.708000e-01
3.987000e-01 5.377000e-01
4.069000e-01 2.202000e-01
3.087000e-01 4.039000e-01
7.470000e-02 4.927000e-01
3.821000e-01 2.389000e-01
4.613000e-01 4.248000e-01
1.792000e-01 1.255000e-01
1.090000e-02 4.520000e-01
4.932000e-01 3.841000e-01
2.907000e-01 2.780000e-02
1.137000e-01 5.832000e-01
3.808000e-01 1.934000e-01
4.900000e-03 4.997000e-01
2.941000e-01 6.088000e-01
4.814000e-01 2.106000e-01
3.726000e-01 4.133000e-01
1.886000e-01 3.022000e-01
4.461000e-01 3.206000e-01
9.630000e-02 5.815000e-01
3.918000e-01 4.062000e-01
4.166000e-01 2.559000e-01
3.374000e-01 3.192000e-01
1.640000e-02 8.373000e-01
3.856000e-01 2.496000e-01
3.126000e-01 3.522000e-01
4.372000e-01 2.238000e-01
3.811000e-01 3.338000e-01
4.411000e-01 1.063000e-01
3.748000e-01 6.080000e-01
5.011000e-01 2.380000e-01
1.744000e-01 6.073000e-01
3.140000e-02 4.404000e-01
3.288000e-01 4.910000e-01
4.959000e-01 2.008000e-01
7.018000e-01 7.740000e-02
2.364000e-01 3.562000e-01
5.597000e-01 1.096000e-01
3.541000e-01 6.830000e-02
1.119000e-01 5.774000e-01
1.659000e-01 4.689000e-01
4.010000e-02 3.400000e-01
1.610000e-02 5.884000e-01
2.053000e-01 3.022000e-01
3.003000e-01 2.485000e-01
1.029000e-01 2.407000e-01
6.792000e-01 2.692000e-01
3.122000e-01 4.264000e-01
2.156000e-01 4.062000e-01
1.539000e-01 4.908000e-01
3.634000e-01 5.302000e-01
5.282000e-01 4.370000e-02
3.132000e-01 6.030000e-02
2.536000e-01 2.708000e-01
4.366000e-01 2.181000e-01
3.350000e-02 2.892000e-01
1.692000e-01 8.590000e-02
6.690000e-02 2.976000e-01
5.377000e-01 1.797000e-01
2.964000e-01 1.282000e-01
1.021000e-01 4.729000e-01
2.963000e-01 2.460000e-02
6.370000e-01 1.941000e-01
3.813000e-01 4.929000e-01
2.650000e-02 7.711000e-01
1.557000e-01 8.340000e-02
8.860000e-02 5.899000e-01
1.377000e-01 3.820000e-01
1.872000e-01 5.699000e-01
4.264000e-01 5.105000e-01
1.014000e-01 2.271000e-01
3.188000e-01 2.398000e-01
2.180000e-01 5.141000e-01
6.500000e-01 3.453000e-01
4.600000e-01 5.166000e-01
1.339000e-01 5.293000e-01
2.843000e-01 2.103000e-01
1.413000e-01 2.417000e-01
1.664000e-01 4.774000e-01
5.045000e-01 2.708000e-01
4.250000e-01 1.599000e-01
2.603000e-01 2.726000e-01
4.249000e-01 2.042000e-01
7.300000e-02 4.286000e-01
2.127000e-01 3.993000e-01
4.851000e-01 3.718000e-01
4.261000e-01 4.439000e-01
4.369000e-01 1.284000e-01
4.390000e-01 1.738000e-01
2.299000e-01 6.160000e-01
6.993000e-01 7.170000e-02
3.315000e-01 2.005000e-01
4.751000e-01 4.763000e-01
3.697000e-01 1.015000e-01
1.925000e-01 4.383000e-01
3.069000e-01 2.129000e-01
4.397000e-01 1.112000e-01
3.867000e-01 4.575000e-01
4.457000e-01 2.517000e-01
3.472000e-01 4.431000e-01
5.211000e-01 2.263000e-01
2.894000e-01 3.546000e-01
6.698000e-01 1.289000e-01
4.710000e-01 2.260000e-01
5.319000e-01 4.307000e-01
1.645000e-01 4.867000e-01
2.453000e-01 4.791000e-01
3.686000e-01 3.673000e-01
3.377000e-01 3.912000e-01
1.922000e-01 1.027000e-01
4.177000e-01 3.699000e-01
3.643000e-01 5.100000e-01
1.993000e-01 5.354000e-01
3.524000e-01 2.979000e-01
1.264000e-01 4.780000e-01
5.562000e-01 3.864000e-01
2.908000e-01 3.475000e-01
2.073000e-01 1.310000e-01
3.883000e-01 4.731000e-01
3.790000e-02 6.799000e-01
2.342000e-01 4.462000e-01
7.938000e-01 1.513000e-01
2.981000e-01 5.025000e-01
1.203000e-01 7.379000e-01
2.533000e-01 3.399000e-01
3.791000e-01 3.871000e-01
4.061000e-01 3.096000e-01
1.481000e-01 1.802000e-01
4.849000e-01 4.709000e-01
3.773000e-01 5.367000e-01
3.943000e-01 3.600000e-02
6.017000e-01 1.932000e-01
2.203000e-01 5.587000e-01
3.643000e-01 2.540000e-01
3.879000e-01 6.010000e-01
3.894000e-01 1.950000e-01
2.165000e-01 2.923000e-01
5.181000e-01 1.609000e-01
3.850000e-01 2.679000e-01
1.202000e-01 5.912000e-01
3.292000e-01 9.370000e-02
4.012000e-01 3.929000e-01
1.909000e-01 2.436000e-01
4.638000e-01 1.047000e-01
3.779000e-01 8.710000e-02
4.056000e-01 4.892000e-01
4.402000e-01 4.990000e-01
3.211000e-01 3.463000e-01
3.033000e-01 3.317000e-01
3.429000e-01 3.193000e-01
1.455000e-01 4.776000e-01
1.310000e-01 4.502000e-01
3.922000e-01 3.411000e-01
4.164000e-01 3.860000e-01
2.538000e-01 3.681000e-01
4.210000e-01 1.451000e-01
2.789000e-01 2.966000e-01
5.030000e-01 1.691000e-01
6.010000e-02 1.798000e-01
4.619000e-01 1.186000e-01
1.339000e-01 3.755000e-01
2.446000e-01 4.517000e-01
2.013000e-01 2.613000e-01
3.813000e-01 1.803000e-01
1.485000e-01 6.081000e-01
2.540000e-01 3.910000e-01
4.293000e-01 4.062000e-01
1.850000e-01 4.313000e-01
4.416000e-01 2.622000e-01
6.780000e-02 7.479000e-01
2.760000e-01 5.573000e-01
5.712000e-01 2.040000e-02
2.598000e-01 4.811000e-01
5.378000e-01 6.400000e-03
3.493000e-01 2.995000e-01
4.379000e-01 9.700000e-02
4.214000e-01 2.019000e-01
3.700000e-02 5.518000e-01
2.201000e-01 4.189000e-01
2.435000e-01 2.632000e-01
3.525000e-01 3.344000e-01
6.353000e-01 2.000000e-04
1.915000e-01 3.995000e-01
1.468000e-01 2.814000e-01
4.165000e-01 2.794000e-01
5.000000e-01 2.026000e-01
3.913000e-01 2.568000e-01
6.498000e-01 1.120000e-02
2.034000e-01 1.923000e-01
3.434000e-01 2.088000e-01
3.152000e-01 3.408000e-01
3.850000e-02 8.360000e-02
3.467000e-01 2.701000e-01
1.333000e-01 6.450000e-01
2.159000e-01 4.540000e-01
5.826000e-01 2.310000e-01
4.429000e-01 3.451000e-01
2.817000e-01 3.309000e-01
1.760000e-02 8.479000e-01
2.587000e-01 4.444000e-01
3.686000e-01 4.411000e-01
4.207000e-01 6.780000e-02
3.483000e-01 4.785000e-01
9.210000e-02 8.434000e-01
3.867000e-01 1.291000e-01
1.411000e-01 4.037000e-01
5.796000e-01 3.492000e-01
4.766000e-01 1.708000e-01
3.488000e-01 8.000000e-02
2.817000e-01 4.376000e-01
2.935000e-01 3.748000e-01
4.557000e-01 1.661000e-01
3.255000e-01 2.971000e-01
4.968000e-01 6.890000e-02
2.360000e-01 2.321000e-01
3.386000e-01 1.988000e-01
2.104000e-01 5.312000e-01
2.235000e-01 3.399000e-01
3.213000e-01 4.047000e-01
4.367000e-01 2.166000e-01
7.037000e-01 2.478000e-01
7.190000e-01 1.595000e-01
3.026000e-01 1.613000e-01
4.581000e-01 4.992000e-01
3.642000e-01 3.209000e-01
6.740000e-02 4.841000e-01
3.702000e-01 3.560000e-02
2.058000e-01 3.512000e-01
2.870000e-01 3.172000e-01
3.433000e-01 2.121000e-01
3.025000e-01 4.798000e-01
1.517000e-01 6.749000e-01
3.570000e-01 5.011000e-01
5.768000e-01 3.400000e-02
3.250000e-01 2.095000e-01
4.163000e-01 1.928000e-01
9.090000e-02 5.700000e-01
4.551000e-01 1.625000e-01
3.995000e-01 2.372000e-01
5.379000e-01 1.850000e-02
5.459000e-01 2.359000e-01
2.802000e-01 2.177000e-01
4.491000e-01 5.144000e-01
2.474000e-01 4.766000e-01
1.794000e-01 2.888000e-01
1.084000e-01 6.975000e-01
4.696000e-01 4.187000e-01
3.431000e-01 6.388000e-01
4.460000e-02 5.755000e-01
4.772000e-01 1.143000e-01
3.700000e-03 6.745000e-01
7.138000e-01 2.806000e-01
5.458000e-01 1.637000e-01
4.053000e-01 2.391000e-01
4.106000e-01 4.000000e-01
3.180000e-01 3.304000e-01
2.507000e-01 6.484000e-01
3.120000e-02 9.595000e-01
6.070000e-01 8.130000e-02
1.324000e-01 3.856000e-01
1.109000e-01 6.500000e-01
1.455000e-01 3.580000e-01
7.080000e-02 6.781000e-01
3.660000e-01 3.648000e-01
6.094000e-01 2.508000e-01
3.115000e-01 8.760000e-02
8.200000e-02 3.972000e-01
1.566000e-01 4.839000e-01
2.290000e-01 3.047000e-01
3.369000e-01 3.411000e-01
1.055000e-01 4.283000e-01
3.743000e-01 3.142000e-01
4.400000e-03 4.960000e-02
4.314000e-01 4.203000e-01
5.681000e-01 8.440000e-02
4.319000e-01 3.355000e-01
1.000000e-03 4.026000e-01
4.880000e-02 4.661000e-01
4.504000e-01 4.539000e-01
1.649000e-01 5.366000e-01
2.118000e-01 3.381000e-01
4.053000e-01 3.047000e-01
2.945000e-01 3.157000e-01
3.488000e-01 6.410000e-01
1.730000e-02 5.073000e-01
4.807000e-01 5.152000e-01
2.062000e-01 6.785000e-01
6.124000e-01 9.040000e-02
7.740000e-02 5.239000e-01
4.794000e-01 1.997000e-01
1.916000e-01 2.703000e-01
4.322000e-01 3.487000e-01
4.284000e-01 4.650000e-01
5.859000e-01 2.743000e-01
3.633000e-01 1.795000e-01
6.558000e-01 3.118000e-01
3.527000e-01 4.602000e-01
2.748000e-01 3.327000e-01
3.980000e-02 8.427000e-01
5.345000e-01 3.380000e-02
2.219000e-01 2.331000e-01
5.482000e-01 2.326000e-01
2.410000e-02 5.176000e-01
5.580000e-02 5.622000e-01
3.592000e-01 3.007000e-01
2.108000e-01 3.495000e-01
4.000000e-01 3.828000e-01
2.821000e-01 4.581000e-01
3.355000e-01 3.497000e-01
3.744000e-01 2.928000e-01
3.067000e-01 9.330000e-02
4.846000e-01 4.111000e-01
2.864000e-01 4.227000e-01
9.100000e-02 4.062000e-01
6.240000e-01 1.555000e-01
2.162000e-01 6.266000e-01
3.781000e-01 1.980000e-01
8.892000e-01 8.380000e-02
7.341000e-01 2.329000e-01
6.016000e-01 1.991000e-01
3.970000e-01 1.167000e-01
3.911000e-01 5.613000e-01
4.081000e-01 4.970000e-01
3.656000e-01 1.202000e-01
3.285000e-01 4.037000e-01
6.179000e-01 1.411000e-01
5.826000e-01 3.420000e-01
4.368000e-01 5.585000e-01
3.441000e-01 6.520000e-01
1.246000e-01 4.053000e-01
3.187000e-01 3.925000e-01
5.075000e-01 2.580000e-02
2.409000e-01 3.764000e-01
4.100000e-01 1.944000e-01
5.141000e-01 3.938000e-01
2.876000e-01 5.800000e-01
1.771000e-01 6.550000e-02
4.170000e-01 4.287000e-01
7.757000e-01 2.109000e-01
1.027000e-01 5.879000e-01
3.804000e-01 5.212000e-01
3.165000e-01 2.346000e-01
2.120000e-01 2.551000e-01
1.090000e-02 9.777000e-01
1.396000e-01 1.402000e-01
2.573000e-01 4.138000e-01
1.943000e-01 4.803000e-01
4.547000e-01 8.450000e-02
1.639000e-01 4.279000e-01
3.813000e-01 6.166000e-01
4.364000e-01 2.829000e-01
4.166000e-01 5.755000e-01
2.542000e-01 4.335000e-01
4.279000e-01 2.874000e-01
9.690000e-02 2.936000e-01
4.253000e-01 3.304000e-01
4.590000e-02 4.733000e-01
3.311000e-01 4.552000e-01
3.446000e-01 2.854000e-01
1.370000e-01 5.641000e-01
3.720000e-02 7.153000e-01
2.899000e-01 3.599000e-01
4.573000e-01 5.113000e-01
4.093000e-01 3.504000e-01
4.071000e-01 4.185000e-01
2.354000e-01 4.663000e-01
6.078000e-01 2.020000e-01
1.707000e-01 6.720000e-01
3.931000e-01 3.419000e-01
3.860000e-01 2.921000e-01
6.490000e-01 3.211000e-01
3.227000e-01 3.403000e-01
2.396000e-01 5.500000e-01
4.921000e-01 1.567000e-01
5.566000e-01 7.150000e-02
1.958000e-01 5.081000e-01
3.520000e-02 4.728000e-01
4.037000e-01 3.517000e-01
2.326000e-01 3.591000e-01
4.377000e-01 2.374000e-01
3.318000e-01 5.214000e-01
3.776000e-01 3.240000e-02
1.716000e-01 3.881000e-01
6.030000e-01 3.864000e-01
3.404000e-01 3.551000e-01
1.113000e-01 1.681000e-01
3.498000e-01 2.637000e-01
3.109000e-01 1.995000e-01
4.727000e-01 3.429000e-01
5.820000e-01 1.595000e-01
3.026000e-01 3.417000e-01
6.800000e-02 3.089000e-01
3.718000e-01 3.336000e-01
2.025000e-01 6.645000e-01
8.334000e-01 9.520000e-02
4.754000e-01 5.076000e-01
2.619000e-01 2.967000e-01
8.129000e-01 1.848000e-01
5.739000e-01 4.255000e-01
1.298000e-01 2.937000e-01
2.496000e-01 5.340000e-01
4.000000e-03 5.609000e-01
5.081000e-01 3.627000e-01
5.425000e-01 2.331000e-01
1.968000e-01 3.026000e-01
4.016000e-01 4.845000e-01
5.716000e-01 7.920000e-02
3.228000e-01 3.621000e-01
1.455000e-01 3.662000e-01
1.677000e-01 5.392000e-01
4.572000e-01 4.263000e-01
4.660000e-02 4.842000e-01
3.750000e-01 5.223000e-01
2.464000e-01 5.458000e-01
2.319000e-01 5.408000e-01
3.579000e-01 2.628000e-01
1.932000e-01 6.014000e-01
2.327000e-01 4.447000e-01
6.660000e-02 1.133000e-01
9.980000e-02 3.309000e-01
3.738000e-01 4.626000e-01
2.500000e-01 5.015000e-01
4.475000e-01 5.341000e-01
2.443000e-01 2.118000e-01
2.154000e-01 3.415000e-01
3.277000e-01 4.629000e-01
2.513000e-01 4.297000e-01
4.426000e-01 3.335000e-01
1.617000e-01 2.833000e-01
4.104000e-01 4.151000e-01
9.070000e-02 3.599000e-01
5.996000e-01 1.270000e-01
4.373000e-01 1.356000e-01
6.900000e-01 1.222000e-01
1.767000e-01 6.106000e-01
2.707000e-01 3.628000e-01
4.620000e-01 4.851000e-01
3.909000e-01 1.353000e-01
3.253000e-01 6.095000e-01
2.380000e-01 4.832000e-01
2.772000e-01 1.592000e-01
2.864000e-01 7.047000e-01
9.610000e-02 6.828000e-01
3.220000e-01 5.130000e-02
2.956000e-01 5.589000e-01
2.300000e-02 2.184000e-01
5.100000e-02 2.123000e-01
8.570000e-02 4.987000e-01
2.311000e-01 1.262000e-01
1.841000e-01 1.720000e-01
2.742000e-01 4.652000e-01
5.656000e-01 3.670000e-02
6.366000e-01 2.601000e-01
4.946000e-01 4.653000e-01
1.755000e-01 1.388000e-01
5.590000e-02 3.049000e-01
1.407000e-01 2.175000e-01
2.750000e-01 5.120000e-01
4.124000e-01 4.847000e-01
5.024000e-01 4.428000e-01
2.611000e-01 4.318000e-01
2.065000e-01 4.018000e-01
2.025000e-01 4.145000e-01
5.068000e-01 4.190000e-01
2.876000e-01 2.298000e-01
5.389000e-01 3.107000e-01
1.095000e-01 3.238000e-01
1.339000e-01 6.178000e-01
3.332000e-01 3.473000e-01
5.700000e-01 2.840000e-02
4.358000e-01 3.183000e-01
1.059000e-01 1.004000e-01
