4.207000e-01 6.780000e-02
5.560000e-01 4.431000e-01
3.700000e-01 4.770000e-01
1.606000e-01 5.373000e-01
5.474000e-01 5.200000e-02
4.293000e-01 4.062000e-01
3.213000e-01 4.047000e-01
2.055000e-01 3.837000e-01
5.102000e-01 2.349000e-01
5.004000e-01 1.679000e-01
2.894000e-01 3.546000e-01
5.409000e-01 1.411000e-01
2.012000e-01 3.928000e-01
4.033000e-01 1.715000e-01
2.354000e-01 4.663000e-01
3.202000e-01 6.139000e-01
5.596000e-01 1.076000e-01
4.710000e-01 2.260000e-01
4.366000e-01 2.181000e-01
1.222000e-01 7.708000e-01
7.498000e-01 2.096000e-01
5.876000e-01 1.168000e-01
4.345000e-01 2.159000e-01
3.621000e-01 2.098000e-01
4.902000e-01 1.338000e-01
4.397000e-01 1.112000e-01
4.487000e-01 4.481000e-01
3.350000e-02 2.892000e-01
4.033000e-01 3.320000e-02
6.017000e-01 1.932000e-01
1.000000e-02 5.912000e-01
3.890000e-01 5.791000e-01
4.098000e-01 1.011000e-01
5.033000e-01 3.513000e-01
3.987000e-01 5.377000e-01
2.503000e-01 4.350000e-01
1.729000e-01 6.418000e-01
3.288000e-01 4.910000e-01
4.573000e-01 5.113000e-01
4.400000e-03 4.960000e-02
2.650000e-02 7.711000e-01
4.766000e-01 1.708000e-01
1.353000e-01 1.438000e-01
4.865000e-01 2.228000e-01
3.222000e-01 3.256000e-01
3.614000e-01 3.869000e-01
6.860000e-02 1.019000e-01
4.147000e-01 9.840000e-02
2.832000e-01 4.873000e-01
1.591000e-01 4.347000e-01
5.444000e-01 3.010000e-01
5.181000e-01 1.609000e-01
2.451000e-01 2.864000e-01
3.498000e-01 2.637000e-01
4.800000e-01 2.417000e-01
6.589000e-01 1.338000e-01
7.526000e-01 2.200000e-03
3.361000e-01 4.130000e-01
4.021000e-01 2.456000e-01
3.552000e-01 4.773000e-01
4.314000e-01 4.203000e-01
4.667000e-01 6.750000e-02
2.925000e-01 4.055000e-01
3.431000e-01 6.388000e-01
4.662000e-01 1.062000e-01
4.454000e-01 5.170000e-02
3.576000e-01 4.249000e-01
6.094000e-01 2.508000e-01
5.120000e-01 4.853000e-01
1.215000e-01 7.374000e-01
3.757000e-01 2.700000e-01
5.430000e-01 3.427000e-01
1.102000e-01 3.919000e-01
2.800000e-01 1.838000e-01
2.905000e-01 3.545000e-01
3.512000e-01 3.592000e-01
3.104000e-01 4.117000e-01
8.390000e-02 4.316000e-01
4.040000e-01 2.849000e-01
2.354000e-01 2.655000e-01
4.780000e-01 3.072000e-01
2.897000e-01 3.544000e-01
1.867000e-01 5.481000e-01
3.327000e-01 4.272000e-01
5.562000e-01 3.125000e-01
3.600000e-01 4.677000e-01
1.259000e-01 3.997000e-01
2.821000e-01 4.581000e-01
4.792000e-01 4.570000e-01
4.191000e-01 4.432000e-01
8.129000e-01 1.848000e-01
2.360000e-01 2.321000e-01
2.248000e-01 4.949000e-01
2.280000e-01 4.243000e-01
3.633000e-01 1.795000e-01
4.248000e-01 1.913000e-01
6.671000e-01 1.154000e-01
3.487000e-01 3.778000e-01
4.344000e-01 2.271000e-01
1.622000e-01 5.869000e-01
2.901000e-01 3.226000e-01
2.115000e-01 4.852000e-01
4.638000e-01 1.047000e-01
7.757000e-01 2.109000e-01
4.551000e-01 1.625000e-01
3.404000e-01 3.551000e-01
7.400000e-02 4.051000e-01
3.000000e-01 4.560000e-02
4.864000e-01 2.318000e-01
2.574000e-01 4.349000e-01
2.931000e-01 2.968000e-01
8.350000e-02 5.090000e-01
7.280000e-01 6.490000e-02
1.488000e-01 6.166000e-01
2.459000e-01 2.682000e-01
3.694000e-01 3.477000e-01
2.975000e-01 3.272000e-01
5.789000e-01 1.915000e-01
2.598000e-01 4.811000e-01
1.339000e-01 3.755000e-01
4.074000e-01 3.199000e-01
4.221000e-01 4.123000e-01
4.320000e-02 3.794000e-01
4.603000e-01 3.840000e-02
7.187000e-01 1.360000e-02
4.012000e-01 2.923000e-01
4.483000e-01 5.340000e-02
1.011000e-01 2.359000e-01
3.206000e-01 3.490000e-01
2.947000e-01 5.260000e-01
6.740000e-02 4.841000e-01
2.201000e-01 3.678000e-01
2.093000e-01 3.762000e-01
5.307000e-01 3.768000e-01
4.856000e-01 3.993000e-01
8.640000e-02 5.272000e-01
1.535000e-01 4.441000e-01
9.660000e-02 8.956000e-01
4.358000e-01 1.285000e-01
3.003000e-01 6.781000e-01
3.614000e-01 2.480000e-01
2.662000e-01 5.800000e-01
4.889000e-01 3.028000e-01
3.379000e-01 1.303000e-01
2.963000e-01 2.460000e-02
6.493000e-01 1.177000e-01
3.427000e-01 2.100000e-01
5.296000e-01 2.952000e-01
5.368000e-01 4.586000e-01
5.011000e-01 2.696000e-01
3.524000e-01 2.979000e-01
1.165000e-01 7.000000e-01
9.780000e-02 4.492000e-01
2.964000e-01 1.282000e-01
2.318000e-01 1.993000e-01
9.110000e-02 6.573000e-01
2.435000e-01 2.632000e-01
3.361000e-01 3.164000e-01
2.514000e-01 3.485000e-01
6.302000e-01 1.298000e-01
8.191000e-01 1.583000e-01
2.916000e-01 3.234000e-01
1.608000e-01 3.771000e-01
7.075000e-01 1.491000e-01
4.760000e-01 1.442000e-01
5.957000e-01 1.379000e-01
1.806000e-01 3.826000e-01
2.750000e-01 5.120000e-01
9.920000e-02 3.810000e-01
2.707000e-01 3.628000e-01
3.943000e-01 3.600000e-02
3.697000e-01 1.015000e-01
3.340000e-02 5.819000e-01
6.179000e-01 1.411000e-01
5.282000e-01 4.370000e-02
4.670000e-02 2.925000e-01
4.212000e-01 2.110000e-01
3.998000e-01 1.387000e-01
6.198000e-01 3.023000e-01
6.900000e-03 5.412000e-01
5.473000e-01 1.339000e-01
2.748000e-01 3.327000e-01
4.600000e-01 5.166000e-01
4.473000e-01 5.009000e-01
4.151000e-01 1.890000e-02
3.378000e-01 4.184000e-01
3.906000e-01 4.083000e-01
7.850000e-02 5.252000e-01
4.778000e-01 7.820000e-02
2.616000e-01 4.294000e-01
4.598000e-01 5.346000e-01
5.021000e-01 2.090000e-02
3.872000e-01 5.227000e-01
3.918000e-01 4.062000e-01
5.116000e-01 2.856000e-01
6.323000e-01 2.479000e-01
1.257000e-01 6.558000e-01
5.057000e-01 8.230000e-02
3.384000e-01 4.283000e-01
3.893000e-01 3.213000e-01
3.759000e-01 3.750000e-01
3.718000e-01 3.336000e-01
1.922000e-01 3.390000e-01
3.857000e-01 1.456000e-01
6.790000e-02 6.668000e-01
1.328000e-01 5.190000e-01
4.696000e-01 4.187000e-01
2.339000e-01 4.084000e-01
7.660000e-02 4.559000e-01
4.552000e-01 2.588000e-01
1.909000e-01 4.180000e-02
3.508000e-01 2.672000e-01
4.569000e-01 4.148000e-01
7.126000e-01 1.025000e-01
3.072000e-01 5.297000e-01
1.113000e-01 1.681000e-01
5.446000e-01 1.450000e-01
1.203000e-01 7.379000e-01
2.290000e-01 3.043000e-01
2.800000e-01 3.398000e-01
3.020000e-02 5.699000e-01
2.290000e-01 4.339000e-01
4.357000e-01 4.596000e-01
9.140000e-02 4.407000e-01
7.233000e-01 1.797000e-01
1.701000e-01 5.028000e-01
4.481000e-01 2.500000e-02
4.097000e-01 2.371000e-01
6.570000e-02 3.899000e-01
1.110000e-02 4.717000e-01
3.588000e-01 5.427000e-01
2.550000e-01 4.086000e-01
1.647000e-01 1.304000e-01
4.578000e-01 2.400000e-01
3.427000e-01 2.255000e-01
5.760000e-01 4.800000e-03
3.167000e-01 2.289000e-01
3.394000e-01 2.462000e-01
2.876000e-01 5.800000e-01
3.640000e-02 2.682000e-01
2.034000e-01 1.923000e-01
2.114000e-01 3.845000e-01
5.681000e-01 8.440000e-02
3.132000e-01 4.753000e-01
2.574000e-01 6.572000e-01
6.630000e-02 2.152000e-01
2.104000e-01 5.312000e-01
7.720000e-02 4.066000e-01
3.967000e-01 1.907000e-01
1.560000e-01 3.954000e-01
1.969000e-01 2.186000e-01
4.643000e-01 4.228000e-01
3.879000e-01 6.010000e-01
3.414000e-01 5.564000e-01
1.640000e-02 8.373000e-01
2.231000e-01 6.640000e-01
1.222000e-01 6.915000e-01
4.072000e-01 3.626000e-01
1.427000e-01 1.010000e-01
3.683000e-01 2.864000e-01
5.158000e-01 4.615000e-01
9.148000e-01 2.000000e-04
4.249000e-01 2.042000e-01
5.182000e-01 1.680000e-01
7.930000e-02 7.498000e-01
4.369000e-01 1.284000e-01
1.445000e-01 6.616000e-01
2.591000e-01 4.626000e-01
5.458000e-01 1.637000e-01
2.250000e-01 3.796000e-01
2.198000e-01 1.042000e-01
3.936000e-01 2.806000e-01
4.967000e-01 2.300000e-02
3.200000e-01 3.596000e-01
8.750000e-02 3.577000e-01
3.250000e-01 2.095000e-01
2.460000e-01 2.126000e-01
4.136000e-01 3.438000e-01
1.553000e-01 2.964000e-01
1.503000e-01 4.630000e-01
4.368000e-01 5.585000e-01
4.383000e-01 3.713000e-01
9.090000e-02 5.700000e-01
6.370000e-01 1.941000e-01
4.010000e-02 9.064000e-01
2.012000e-01 2.778000e-01
3.732000e-01 2.338000e-01
6.713000e-01 4.250000e-02
6.630000e-01 1.618000e-01
2.139000e-01 7.059000e-01
4.153000e-01 1.540000e-01
2.083000e-01 3.421000e-01
2.393000e-01 4.528000e-01
5.115000e-01 4.133000e-01
4.398000e-01 2.384000e-01
1.468000e-01 8.283000e-01
3.390000e-02 3.710000e-01
2.290000e-01 3.047000e-01
1.770000e-01 2.236000e-01
2.065000e-01 4.018000e-01
5.826000e-01 2.310000e-01
3.446000e-01 2.854000e-01
3.359000e-01 5.706000e-01
3.524000e-01 3.287000e-01
5.756000e-01 5.540000e-02
3.200000e-01 2.438000e-01
1.059000e-01 3.814000e-01
6.851000e-01 5.080000e-02
4.825000e-01 2.291000e-01
3.328000e-01 4.006000e-01
4.520000e-01 1.762000e-01
2.170000e-02 8.608000e-01
4.165000e-01 2.794000e-01
2.864000e-01 4.227000e-01
3.700000e-03 6.745000e-01
3.369000e-01 3.411000e-01
1.426000e-01 4.818000e-01
4.016000e-01 4.845000e-01
1.860000e-01 4.308000e-01
3.420000e-01 3.209000e-01
1.644000e-01 3.449000e-01
8.940000e-02 4.235000e-01
2.334000e-01 3.525000e-01
3.017000e-01 3.170000e-01
4.270000e-01 8.490000e-02
3.077000e-01 6.604000e-01
5.055000e-01 4.177000e-01
4.629000e-01 3.651000e-01
3.570000e-01 5.011000e-01
2.045000e-01 1.880000e-02
2.802000e-01 1.986000e-01
3.348000e-01 3.115000e-01
3.109000e-01 1.995000e-01
2.761000e-01 3.704000e-01
3.989000e-01 2.126000e-01
4.745000e-01 3.248000e-01
1.145000e-01 7.313000e-01
3.839000e-01 1.711000e-01
3.684000e-01 5.338000e-01
2.908000e-01 3.475000e-01
4.107000e-01 2.360000e-01
4.975000e-01 3.372000e-01
3.429000e-01 2.566000e-01
5.257000e-01 1.544000e-01
3.592000e-01 5.680000e-01
4.400000e-02 5.188000e-01
3.820000e-02 1.848000e-01
1.132000e-01 7.360000e-01
5.335000e-01 1.295000e-01
1.339000e-01 5.293000e-01
4.122000e-01 2.621000e-01
1.368000e-01 3.835000e-01
7.253000e-01 1.404000e-01
1.936000e-01 3.533000e-01
3.742000e-01 5.762000e-01
7.533000e-01 1.260000e-02
3.523000e-01 4.940000e-01
1.738000e-01 2.538000e-01
3.705000e-01 1.066000e-01
6.136000e-01 3.523000e-01
4.544000e-01 3.278000e-01
4.379000e-01 9.700000e-02
8.334000e-01 9.520000e-02
4.961000e-01 2.664000e-01
1.407000e-01 2.175000e-01
2.213000e-01 2.781000e-01
5.734000e-01 1.331000e-01
2.851000e-01 6.349000e-01
3.291000e-01 2.458000e-01
2.398000e-01 6.295000e-01
1.608000e-01 5.858000e-01
5.654000e-01 1.710000e-01
3.870000e-01 5.589000e-01
4.108000e-01 3.600000e-01
3.844000e-01 3.734000e-01
1.499000e-01 6.196000e-01
4.442000e-01 2.186000e-01
3.315000e-01 2.005000e-01
1.406000e-01 2.151000e-01
1.654000e-01 6.517000e-01
5.668000e-01 2.880000e-01
5.345000e-01 3.380000e-02
1.022000e-01 3.412000e-01
3.160000e-02 4.319000e-01
5.997000e-01 1.258000e-01
5.150000e-02 5.121000e-01
4.923000e-01 7.920000e-02
1.792000e-01 1.255000e-01
3.287000e-01 1.925000e-01
5.550000e-02 7.455000e-01
2.958000e-01 3.315000e-01
7.540000e-02 4.259000e-01
3.303000e-01 6.559000e-01
2.776000e-01 2.952000e-01
3.535000e-01 2.827000e-01
6.316000e-01 3.645000e-01
1.569000e-01 3.977000e-01
1.084000e-01 6.975000e-01
4.900000e-03 4.997000e-01
9.200000e-02 4.304000e-01
5.700000e-01 2.840000e-02
3.126000e-01 3.522000e-01
1.756000e-01 3.547000e-01
5.026000e-01 2.628000e-01
4.564000e-01 4.655000e-01
5.182000e-01 2.040000e-01
3.938000e-01 4.348000e-01
2.561000e-01 4.199000e-01
1.617000e-01 2.833000e-01
3.867000e-01 1.291000e-01
1.347000e-01 4.371000e-01
9.610000e-02 6.828000e-01
1.023000e-01 3.008000e-01
1.909000e-01 3.618000e-01
7.580000e-02 5.096000e-01
2.742000e-01 4.652000e-01
3.798000e-01 1.510000e-01
5.673000e-01 6.960000e-02
4.662000e-01 3.445000e-01
1.760000e-02 8.479000e-01
4.520000e-02 8.223000e-01
2.888000e-01 2.087000e-01
2.603000e-01 2.726000e-01
6.016000e-01 1.991000e-01
3.850000e-02 8.360000e-02
3.025000e-01 4.798000e-01
3.576000e-01 1.846000e-01
3.961000e-01 2.339000e-01
2.081000e-01 4.875000e-01
4.170000e-01 3.780000e-01
5.229000e-01 1.856000e-01
3.579000e-01 1.896000e-01
4.784000e-01 1.675000e-01
1.300000e-01 1.831000e-01
8.104000e-01 7.210000e-02
3.441000e-01 6.520000e-01
2.040000e-01 5.768000e-01
4.056000e-01 4.892000e-01
4.962000e-01 3.155000e-01
4.364000e-01 5.760000e-02
4.055000e-01 3.136000e-01
9.900000e-03 6.578000e-01
2.121000e-01 2.362000e-01
7.728000e-01 9.150000e-02
1.108000e-01 5.057000e-01
4.475000e-01 5.341000e-01
1.072000e-01 6.315000e-01
3.241000e-01 4.065000e-01
1.548000e-01 3.324000e-01
3.080000e-02 2.885000e-01
1.096000e-01 3.147000e-01
3.122000e-01 4.264000e-01
3.544000e-01 3.290000e-01
2.312000e-01 2.012000e-01
2.528000e-01 5.018000e-01
3.374000e-01 3.192000e-01
4.849000e-01 4.709000e-01
2.245000e-01 3.408000e-01
3.661000e-01 1.799000e-01
6.124000e-01 9.040000e-02
2.356000e-01 3.271000e-01
5.859000e-01 1.979000e-01
4.032000e-01 3.093000e-01
2.794000e-01 4.707000e-01
1.979000e-01 3.389000e-01
2.216000e-01 4.260000e-01
6.756000e-01 1.100000e-01
2.896000e-01 3.473000e-01
3.377000e-01 3.912000e-01
7.161000e-01 1.110000e-02
3.510000e-02 5.644000e-01
1.568000e-01 6.562000e-01
1.029000e-01 2.407000e-01
2.783000e-01 3.331000e-01
3.707000e-01 1.407000e-01
1.651000e-01 4.324000e-01
3.007000e-01 3.705000e-01
4.460000e-02 5.755000e-01
5.075000e-01 2.932000e-01
4.622000e-01 2.548000e-01
3.005000e-01 3.884000e-01
3.998000e-01 2.355000e-01
4.160000e-01 2.552000e-01
4.376000e-01 1.061000e-01
2.120000e-02 7.498000e-01
6.490000e-01 3.211000e-01
2.698000e-01 3.384000e-01
6.270000e-02 3.334000e-01
2.266000e-01 3.788000e-01
1.595000e-01 4.034000e-01
5.757000e-01 2.974000e-01
9.730000e-02 4.850000e-01
2.795000e-01 4.604000e-01
1.639000e-01 4.770000e-01
4.050000e-01 3.727000e-01
6.865000e-01 7.060000e-02
4.033000e-01 3.219000e-01
1.997000e-01 1.640000e-01
3.989000e-01 6.430000e-02
5.252000e-01 1.371000e-01
2.830000e-02 5.596000e-01
4.164000e-01 3.860000e-01
1.605000e-01 1.731000e-01
5.877000e-01 1.170000e-02
3.488000e-01 8.000000e-02
3.894000e-01 3.103000e-01
1.777000e-01 3.492000e-01
7.880000e-02 3.953000e-01
3.080000e-01 5.781000e-01
6.629000e-01 2.139000e-01
3.995000e-01 2.372000e-01
1.842000e-01 2.344000e-01
4.179000e-01 2.995000e-01
3.850000e-01 2.679000e-01
5.768000e-01 3.400000e-02
5.924000e-01 2.691000e-01
7.967000e-01 7.160000e-02
1.716000e-01 2.843000e-01
4.858000e-01 3.275000e-01
6.670000e-01 1.885000e-01
3.041000e-01 1.577000e-01
4.094000e-01 2.485000e-01
4.462000e-01 2.529000e-01
6.789000e-01 3.063000e-01
5.573000e-01 7.900000e-02
2.132000e-01 6.103000e-01
5.794000e-01 3.400000e-01
2.118000e-01 3.470000e-02
7.190000e-01 1.595000e-01
4.420000e-02 5.973000e-01
4.704000e-01 5.990000e-02
2.310000e-01 2.168000e-01
4.921000e-01 1.567000e-01
4.590000e-02 4.733000e-01
2.611000e-01 7.005000e-01
3.750000e-02 4.698000e-01
4.815000e-01 9.850000e-02
4.053000e-01 2.391000e-01
3.297000e-01 3.596000e-01
2.870000e-01 3.172000e-01
4.284000e-01 4.650000e-01
3.355000e-01 3.497000e-01
1.150000e-02 6.132000e-01
9.100000e-03 5.054000e-01
5.441000e-01 2.873000e-01
5.699000e-01 2.715000e-01
1.260000e-01 5.300000e-02
4.206000e-01 4.015000e-01
2.811000e-01 4.401000e-01
3.603000e-01 2.330000e-01
1.701000e-01 5.045000e-01
4.378000e-01 3.151000e-01
4.090000e-01 3.624000e-01
6.681000e-01 9.990000e-02
4.620000e-01 4.851000e-01
5.000000e-01 2.026000e-01
7.900000e-02 5.000000e-01
5.227000e-01 2.790000e-01
4.187000e-01 3.937000e-01
1.183000e-01 5.086000e-01
1.966000e-01 2.555000e-01
7.470000e-02 4.927000e-01
3.970000e-01 2.335000e-01
1.206000e-01 3.249000e-01
1.481000e-01 1.802000e-01
4.972000e-01 5.870000e-02
1.246000e-01 4.053000e-01
9.860000e-02 4.785000e-01
3.877000e-01 4.879000e-01
1.659000e-01 4.689000e-01
2.542000e-01 4.335000e-01
5.453000e-01 3.332000e-01
1.841000e-01 1.720000e-01
4.476000e-01 4.080000e-01
2.262000e-01 3.893000e-01
7.241000e-01 1.468000e-01
4.745000e-01 1.294000e-01
4.457000e-01 2.517000e-01
1.070000e-02 7.913000e-01
2.154000e-01 3.415000e-01
4.017000e-01 3.842000e-01
3.891000e-01 2.099000e-01
3.813000e-01 6.166000e-01
3.858000e-01 6.126000e-01
3.140000e-02 4.404000e-01
4.163000e-01 1.928000e-01
4.264000e-01 1.701000e-01
2.934000e-01 3.185000e-01
3.640000e-01 2.778000e-01
3.117000e-01 2.354000e-01
4.653000e-01 4.096000e-01
3.601000e-01 3.235000e-01
4.570000e-02 2.934000e-01
3.348000e-01 3.034000e-01
2.540000e-01 3.910000e-01
4.286000e-01 3.880000e-02
4.082000e-01 7.520000e-02
1.524000e-01 4.373000e-01
3.130000e-01 3.593000e-01
8.892000e-01 8.380000e-02
4.630000e-02 6.800000e-01
1.168000e-01 3.726000e-01
5.590000e-01 3.562000e-01
2.507000e-01 6.484000e-01
3.111000e-01 4.701000e-01
2.572000e-01 3.334000e-01
4.557000e-01 1.661000e-01
5.656000e-01 3.670000e-02
3.960000e-01 4.759000e-01
3.069000e-01 2.129000e-01
4.859000e-01 4.066000e-01
3.033000e-01 3.317000e-01
2.805000e-01 4.849000e-01
1.673000e-01 7.275000e-01
4.754000e-01 5.076000e-01
1.858000e-01 1.419000e-01
4.628000e-01 3.640000e-01
3.178000e-01 2.422000e-01
1.504000e-01 7.250000e-01
7.304000e-01 1.416000e-01
2.520000e-02 1.503000e-01
2.474000e-01 4.766000e-01
4.720000e-02 3.740000e-01
1.692000e-01 7.139000e-01
2.208000e-01 4.489000e-01
5.947000e-01 3.001000e-01
6.964000e-01 2.383000e-01
1.448000e-01 2.863000e-01
2.533000e-01 3.399000e-01
1.025000e-01 7.430000e-02
1.664000e-01 4.774000e-01
3.748000e-01 6.080000e-01
5.135000e-01 2.223000e-01
4.402000e-01 4.990000e-01
4.422000e-01 7.900000e-02
2.625000e-01 5.014000e-01
6.865000e-01 3.122000e-01
2.058000e-01 3.512000e-01
1.291000e-01 1.743000e-01
1.877000e-01 4.994000e-01
4.581000e-01 4.992000e-01
3.634000e-01 5.302000e-01
5.005000e-01 3.146000e-01
1.468000e-01 2.814000e-01
7.000000e-03 5.461000e-01
5.810000e-01 2.747000e-01
1.264000e-01 4.780000e-01
2.820000e-01 4.354000e-01
3.584000e-01 4.555000e-01
3.275000e-01 4.920000e-02
3.867000e-01 4.575000e-01
3.443000e-01 1.906000e-01
4.639000e-01 4.568000e-01
6.731000e-01 2.077000e-01
2.792000e-01 3.173000e-01
4.846000e-01 4.111000e-01
3.265000e-01 2.203000e-01
3.227000e-01 3.403000e-01
4.764000e-01 1.844000e-01
4.695000e-01 2.552000e-01
6.564000e-01 1.860000e-02
3.431000e-01 2.132000e-01
5.030000e-01 1.691000e-01
4.177000e-01 3.699000e-01
1.586000e-01 2.305000e-01
2.264000e-01 1.133000e-01
3.583000e-01 5.468000e-01
4.373000e-01 1.356000e-01
1.240000e-02 1.834000e-01
6.164000e-01 3.940000e-02
3.386000e-01 1.988000e-01
2.311000e-01 1.262000e-01
2.391000e-01 5.596000e-01
5.023000e-01 2.688000e-01
4.423000e-01 4.700000e-01
2.964000e-01 5.673000e-01
5.914000e-01 3.276000e-01
5.124000e-01 3.890000e-02
7.790000e-02 8.192000e-01
5.007000e-01 4.429000e-01
3.285000e-01 3.432000e-01
3.514000e-01 3.436000e-01
4.727000e-01 3.429000e-01
4.065000e-01 2.399000e-01
4.359000e-01 4.478000e-01
1.231000e-01 2.056000e-01
5.493000e-01 4.126000e-01
6.498000e-01 1.120000e-02
4.364000e-01 2.829000e-01
6.210000e-02 3.856000e-01
4.537000e-01 3.371000e-01
1.916000e-01 2.703000e-01
4.039000e-01 5.432000e-01
4.572000e-01 4.263000e-01
4.808000e-01 1.960000e-01
5.625000e-01 3.189000e-01
5.285000e-01 4.408000e-01
2.464000e-01 4.982000e-01
3.249000e-01 2.790000e-01
3.626000e-01 4.052000e-01
3.029000e-01 3.665000e-01
3.382000e-01 2.667000e-01
3.562000e-01 3.688000e-01
5.495000e-01 3.955000e-01
6.889000e-01 2.914000e-01
2.850000e-02 7.707000e-01
1.000000e-03 4.026000e-01
2.867000e-01 4.832000e-01
3.536000e-01 1.964000e-01
3.421000e-01 2.053000e-01
6.160000e-02 4.665000e-01
9.490000e-02 7.037000e-01
3.547000e-01 5.385000e-01
6.362000e-01 3.170000e-01
5.823000e-01 1.706000e-01
1.982000e-01 4.708000e-01
4.171000e-01 3.362000e-01
3.041000e-01 3.601000e-01
4.000000e-01 3.828000e-01
3.813000e-01 2.504000e-01
4.402000e-01 2.459000e-01
7.130000e-02 1.545000e-01
2.181000e-01 3.906000e-01
6.792000e-01 2.692000e-01
3.026000e-01 3.417000e-01
6.386000e-01 1.011000e-01
4.794000e-01 1.997000e-01
6.976000e-01 8.260000e-02
4.810000e-01 5.980000e-02
3.304000e-01 6.379000e-01
2.965000e-01 7.830000e-02
6.900000e-01 1.222000e-01
7.382000e-01 1.540000e-02
2.740000e-02 8.309000e-01
6.255000e-01 1.588000e-01
3.592000e-01 3.007000e-01
3.347000e-01 2.090000e-02
4.395000e-01 4.984000e-01
4.171000e-01 3.019000e-01
5.077000e-01 2.067000e-01
9.630000e-02 5.815000e-01
1.590000e-01 4.010000e-01
5.562000e-01 3.864000e-01
9.550000e-02 4.203000e-01
2.500000e-01 5.015000e-01
5.319000e-01 4.307000e-01
7.079000e-01 8.940000e-02
3.484000e-01 3.435000e-01
3.773000e-01 5.367000e-01
3.473000e-01 6.299000e-01
3.782000e-01 3.827000e-01
4.588000e-01 4.320000e-01
4.322000e-01 3.487000e-01
3.051000e-01 1.811000e-01
3.894000e-01 1.950000e-01
3.132000e-01 6.030000e-02
3.791000e-01 2.744000e-01
3.994000e-01 5.830000e-01
2.159000e-01 4.153000e-01
4.253000e-01 3.304000e-01
4.067000e-01 5.303000e-01
4.482000e-01 1.981000e-01
1.222000e-01 4.926000e-01
3.332000e-01 3.473000e-01
6.392000e-01 2.401000e-01
2.025000e-01 6.645000e-01
3.066000e-01 6.586000e-01
5.024000e-01 4.428000e-01
4.377000e-01 2.374000e-01
2.671000e-01 3.635000e-01
3.743000e-01 3.924000e-01
5.379000e-01 1.850000e-02
4.049000e-01 3.652000e-01
4.378000e-01 5.457000e-01
1.103000e-01 5.812000e-01
5.474000e-01 1.283000e-01
4.822000e-01 1.650000e-02
8.020000e-02 2.422000e-01
4.808000e-01 2.604000e-01
3.440000e-01 1.401000e-01
4.264000e-01 5.105000e-01
2.160000e-01 1.141000e-01
1.119000e-01 5.774000e-01
3.429000e-01 3.193000e-01
4.355000e-01 3.703000e-01
3.067000e-01 9.330000e-02
1.892000e-01 2.795000e-01
1.832000e-01 4.379000e-01
4.620000e-01 1.902000e-01
8.340000e-02 3.561000e-01
4.104000e-01 4.151000e-01
3.112000e-01 3.396000e-01
3.083000e-01 5.877000e-01
1.660000e-02 4.914000e-01
1.925000e-01 5.261000e-01
4.011000e-01 4.292000e-01
2.950000e-01 3.650000e-02
2.120000e-01 2.551000e-01
6.130000e-02 3.688000e-01
3.200000e-03 5.922000e-01
1.648000e-01 4.019000e-01
2.095000e-01 4.262000e-01
3.856000e-01 2.496000e-01
2.406000e-01 4.686000e-01
1.341000e-01 6.086000e-01
7.831000e-01 1.587000e-01
2.582000e-01 4.658000e-01
1.925000e-01 5.553000e-01
1.936000e-01 6.086000e-01
1.571000e-01 4.836000e-01
3.634000e-01 4.774000e-01
1.646000e-01 3.708000e-01
5.663000e-01 8.560000e-02
1.109000e-01 6.500000e-01
3.496000e-01 3.332000e-01
3.275000e-01 3.312000e-01
3.664000e-01 2.403000e-01
3.020000e-02 9.047000e-01
4.416000e-01 2.622000e-01
1.262000e-01 6.122000e-01
6.180000e-02 7.450000e-01
6.759000e-01 1.630000e-01
1.850000e-01 4.914000e-01
6.215000e-01 1.323000e-01
9.270000e-02 8.552000e-01
3.099000e-01 1.574000e-01
3.045000e-01 4.314000e-01
4.562000e-01 2.213000e-01
1.045000e-01 5.501000e-01
5.341000e-01 1.592000e-01
3.643000e-01 5.100000e-01
4.731000e-01 4.801000e-01
3.911000e-01 5.613000e-01
4.057000e-01 3.053000e-01
3.678000e-01 4.618000e-01
3.942000e-01 7.880000e-02
6.423000e-01 3.127000e-01
2.653000e-01 5.603000e-01
5.324000e-01 2.570000e-01
2.611000e-01 4.318000e-01
4.640000e-02 2.134000e-01
4.250000e-01 2.600000e-01
4.932000e-01 3.841000e-01
2.847000e-01 6.989000e-01
1.939000e-01 5.414000e-01
3.738000e-01 4.626000e-01
3.870000e-01 2.836000e-01
3.051000e-01 3.173000e-01
3.931000e-01 3.419000e-01
1.990000e-02 9.212000e-01
2.469000e-01 3.571000e-01
1.590000e-02 1.756000e-01
2.949000e-01 3.559000e-01
4.222000e-01 1.503000e-01
3.643000e-01 2.540000e-01
2.127000e-01 3.993000e-01
3.911000e-01 2.265000e-01
2.124000e-01 4.345000e-01
4.121000e-01 1.402000e-01
4.490000e-01 3.228000e-01
7.470000e-02 3.874000e-01
1.095000e-01 3.238000e-01
5.217000e-01 1.717000e-01
6.760000e-02 7.827000e-01
2.396000e-01 5.500000e-01
3.702000e-01 5.925000e-01
3.152000e-01 3.408000e-01
1.476000e-01 1.407000e-01
1.232000e-01 4.428000e-01
3.987000e-01 1.289000e-01
1.375000e-01 4.325000e-01
3.776000e-01 3.192000e-01
1.310000e-01 4.502000e-01
7.138000e-01 2.806000e-01
4.178000e-01 1.695000e-01
4.344000e-01 5.435000e-01
1.155000e-01 3.700000e-01
1.176000e-01 6.162000e-01
4.106000e-01 4.000000e-01
4.886000e-01 9.790000e-02
9.000000e-03 4.688000e-01
3.863000e-01 2.650000e-01
2.263000e-01 7.121000e-01
2.803000e-01 5.355000e-01
5.020000e-02 6.890000e-01
3.420000e-01 3.332000e-01
7.755000e-01 3.590000e-02
3.052000e-01 3.081000e-01
6.836000e-01 1.350000e-02
1.406000e-01 2.948000e-01
1.804000e-01 3.003000e-01
3.271000e-01 1.392000e-01
4.010000e-02 3.400000e-01
3.588000e-01 2.423000e-01
1.516000e-01 2.668000e-01
5.141000e-01 3.938000e-01
4.838000e-01 1.410000e-01
1.413000e-01 2.417000e-01
5.916000e-01 2.836000e-01
2.896000e-01 2.787000e-01
6.281000e-01 2.548000e-01
2.381000e-01 4.292000e-01
7.870000e-02 7.672000e-01
4.210000e-01 2.538000e-01
2.653000e-01 1.412000e-01
4.556000e-01 4.502000e-01
4.358000e-01 2.080000e-01
5.312000e-01 9.750000e-02
1.519000e-01 6.410000e-01
1.301000e-01 6.046000e-01
5.315000e-01 8.070000e-02
3.322000e-01 5.643000e-01
3.997000e-01 3.986000e-01
3.246000e-01 5.502000e-01
3.393000e-01 1.490000e-01
4.199000e-01 2.251000e-01
3.220000e-01 3.377000e-01
4.319000e-01 3.355000e-01
6.141000e-01 2.129000e-01
1.090000e-02 9.777000e-01
3.589000e-01 1.307000e-01
3.690000e-01 3.900000e-01
1.563000e-01 4.235000e-01
4.333000e-01 1.134000e-01
3.147000e-01 3.087000e-01
3.947000e-01 3.597000e-01
2.312000e-01 4.525000e-01
1.183000e-01 4.488000e-01
1.535000e-01 2.003000e-01
3.441000e-01 4.020000e-01
3.501000e-01 1.969000e-01
1.137000e-01 5.832000e-01
5.768000e-01 5.450000e-02
4.606000e-01 1.070000e-01
4.350000e-01 2.368000e-01
3.211000e-01 3.463000e-01
2.873000e-01 6.340000e-02
3.488000e-01 6.410000e-01
5.395000e-01 5.670000e-02
7.387000e-01 9.920000e-02
5.419000e-01 2.027000e-01
2.108000e-01 3.495000e-01
3.860000e-01 2.921000e-01
2.162000e-01 6.266000e-01
3.675000e-01 2.837000e-01
5.890000e-02 1.412000e-01
4.532000e-01 1.820000e-02
3.783000e-01 2.070000e-01
4.940000e-01 2.317000e-01
4.823000e-01 1.355000e-01
1.909000e-01 2.436000e-01
5.705000e-01 1.696000e-01
8.860000e-02 5.899000e-01
1.339000e-01 6.178000e-01
3.080000e-01 6.191000e-01
3.962000e-01 3.834000e-01
3.929000e-01 3.006000e-01
8.350000e-02 7.143000e-01
7.071000e-01 2.277000e-01
4.772000e-01 1.143000e-01
2.314000e-01 3.192000e-01
2.734000e-01 3.088000e-01
1.200000e-03 7.629000e-01
3.796000e-01 1.933000e-01
2.062000e-01 6.785000e-01
4.250000e-01 1.599000e-01
7.200000e-01 1.807000e-01
5.020000e-01 1.480000e-01
6.694000e-01 2.318000e-01
4.210000e-01 1.451000e-01
7.298000e-01 4.890000e-02
4.226000e-01 3.779000e-01
3.306000e-01 3.102000e-01
4.239000e-01 1.501000e-01
6.506000e-01 2.000000e-02
6.767000e-01 2.210000e-01
5.364000e-01 2.658000e-01
5.132000e-01 3.125000e-01
1.485000e-01 6.081000e-01
6.353000e-01 2.000000e-04
3.776000e-01 6.092000e-01
4.358000e-01 3.183000e-01
1.343000e-01 5.396000e-01
3.785000e-01 2.583000e-01
3.726000e-01 2.650000e-02
5.029000e-01 2.628000e-01
2.935000e-01 3.748000e-01
3.568000e-01 3.666000e-01
1.608000e-01 6.200000e-03
3.487000e-01 3.158000e-01
2.772000e-01 1.592000e-01
5.011000e-01 2.380000e-01
1.143000e-01 5.234000e-01
3.284000e-01 4.656000e-01
6.070000e-01 8.130000e-02
1.993000e-01 5.354000e-01
3.415000e-01 3.319000e-01
1.020000e-01 6.578000e-01
1.334000e-01 3.200000e-01
5.120000e-01 4.395000e-01
