1.800000e-03 5.220000e-01
2.087000e-01 4.983000e-01
4.031000e-01 1.613000e-01
3.732000e-01 2.338000e-01
2.074000e-01 3.724000e-01
5.340000e-02 6.952000e-01
3.744000e-01 2.928000e-01
2.888000e-01 2.087000e-01
4.712000e-01 4.792000e-01
4.376000e-01 1.061000e-01
2.282000e-01 5.165000e-01
1.137000e-01 5.832000e-01
7.880000e-02 3.953000e-01
1.113000e-01 1.681000e-01
9.600000e-03 2.236000e-01
3.702000e-01 5.925000e-01
3.160000e-02 4.319000e-01
5.307000e-01 2.871000e-01
1.595000e-01 4.034000e-01
5.794000e-01 3.400000e-01
5.656000e-01 3.670000e-02
5.474000e-01 5.200000e-02
2.554000e-01 1.833000e-01
1.215000e-01 4.156000e-01
2.880000e-01 3.549000e-01
4.400000e-02 5.188000e-01
1.767000e-01 6.106000e-01
2.914000e-01 3.168000e-01
1.333000e-01 6.450000e-01
3.359000e-01 5.706000e-01
1.324000e-01 3.856000e-01
4.039000e-01 5.432000e-01
3.757000e-01 2.700000e-01
4.408000e-01 4.745000e-01
4.479000e-01 2.445000e-01
2.739000e-01 2.498000e-01
1.298000e-01 2.937000e-01
4.372000e-01 5.177000e-01
5.446000e-01 1.450000e-01
5.859000e-01 2.743000e-01
5.957000e-01 1.379000e-01
3.112000e-01 3.396000e-01
1.411000e-01 4.037000e-01
6.360000e-02 6.346000e-01
4.423000e-01 4.700000e-01
2.354000e-01 2.655000e-01
1.970000e-02 3.921000e-01
3.222000e-01 3.256000e-01
3.032000e-01 5.188000e-01
7.540000e-02 4.259000e-01
2.506000e-01 3.718000e-01
3.180000e-01 3.304000e-01
3.165000e-01 2.346000e-01
5.579000e-01 2.920000e-02
1.108000e-01 5.057000e-01
2.311000e-01 1.262000e-01
2.551000e-01 2.302000e-01
3.813000e-01 2.504000e-01
3.746000e-01 5.085000e-01
4.270000e-01 8.490000e-02
3.700000e-03 6.745000e-01
2.931000e-01 2.968000e-01
1.455000e-01 4.776000e-01
3.483000e-01 4.785000e-01
2.671000e-01 4.560000e-01
3.664000e-01 2.403000e-01
7.039000e-01 1.022000e-01
4.487000e-01 4.481000e-01
1.102000e-01 3.919000e-01
6.900000e-01 1.222000e-01
3.080000e-02 2.885000e-01
4.946000e-01 4.653000e-01
1.758000e-01 7.668000e-01
4.221000e-01 4.123000e-01
8.129000e-01 1.848000e-01
3.284000e-01 4.529000e-01
5.324000e-01 2.570000e-01
2.312000e-01 2.012000e-01
1.407000e-01 2.175000e-01
2.013000e-01 2.613000e-01
1.015000e-01 4.741000e-01
2.266000e-01 4.576000e-01
1.858000e-01 1.419000e-01
3.185000e-01 6.004000e-01
4.642000e-01 4.463000e-01
1.925000e-01 5.553000e-01
2.219000e-01 2.331000e-01
4.776000e-01 2.108000e-01
1.320000e-02 6.302000e-01
4.754000e-01 5.076000e-01
9.860000e-02 4.785000e-01
1.291000e-01 1.743000e-01
1.084000e-01 6.975000e-01
3.344000e-01 5.291000e-01
2.919000e-01 3.327000e-01
3.808000e-01 2.757000e-01
4.959000e-01 2.008000e-01
3.007000e-01 1.943000e-01
5.668000e-01 2.880000e-01
4.261000e-01 4.439000e-01
4.856000e-01 3.993000e-01
1.310000e-01 4.502000e-01
1.590000e-02 1.756000e-01
3.446000e-01 2.854000e-01
3.634000e-01 4.774000e-01
2.668000e-01 4.835000e-01
4.886000e-01 9.790000e-02
3.441000e-01 4.020000e-01
4.364000e-01 1.345000e-01
4.369000e-01 1.284000e-01
2.127000e-01 3.993000e-01
4.733000e-01 1.071000e-01
2.437000e-01 2.811000e-01
4.357000e-01 4.596000e-01
5.335000e-01 1.295000e-01
4.551000e-01 1.625000e-01
3.858000e-01 6.126000e-01
7.948000e-01 1.488000e-01
4.373000e-01 1.356000e-01
2.800000e-01 1.838000e-01
3.612000e-01 3.898000e-01
7.079000e-01 8.940000e-02
4.815000e-01 9.850000e-02
4.704000e-01 5.990000e-02
4.344000e-01 2.271000e-01
3.640000e-02 2.682000e-01
1.018000e-01 3.946000e-01
4.473000e-01 2.978000e-01
3.306000e-01 3.102000e-01
5.005000e-01 3.921000e-01
6.176000e-01 2.725000e-01
2.820000e-01 4.354000e-01
2.032000e-01 7.576000e-01
2.802000e-01 1.986000e-01
5.141000e-01 3.938000e-01
3.541000e-01 6.830000e-02
3.710000e-01 8.830000e-02
7.018000e-01 7.740000e-02
1.496000e-01 3.718000e-01
4.989000e-01 1.341000e-01
3.603000e-01 2.330000e-01
7.220000e-02 5.227000e-01
2.851000e-01 6.349000e-01
1.589000e-01 7.401000e-01
2.561000e-01 4.199000e-01
1.445000e-01 6.616000e-01
2.396000e-01 5.500000e-01
2.208000e-01 4.489000e-01
3.821000e-01 2.389000e-01
2.199000e-01 3.772000e-01
4.967000e-01 2.300000e-02
3.718000e-01 3.336000e-01
5.020000e-02 6.890000e-01
1.203000e-01 7.379000e-01
3.776000e-01 3.240000e-02
3.971000e-01 3.717000e-01
3.981000e-01 2.309000e-01
3.702000e-01 3.560000e-02
5.077000e-01 2.067000e-01
4.422000e-01 7.900000e-02
8.296000e-01 5.060000e-02
9.430000e-02 3.359000e-01
3.894000e-01 3.103000e-01
2.550000e-01 4.631000e-01
5.429000e-01 1.294000e-01
2.396000e-01 7.130000e-02
3.920000e-02 5.291000e-01
1.915000e-01 3.995000e-01
6.130000e-02 3.688000e-01
4.667000e-01 6.750000e-02
4.459000e-01 1.359000e-01
4.255000e-01 6.960000e-02
4.643000e-01 4.228000e-01
7.075000e-01 1.491000e-01
3.200000e-03 5.922000e-01
4.483000e-01 5.340000e-02
4.239000e-01 1.501000e-01
8.892000e-01 8.380000e-02
2.362000e-01 4.427000e-01
4.972000e-01 5.870000e-02
2.600000e-03 4.344000e-01
3.820000e-02 1.848000e-01
1.055000e-01 4.283000e-01
3.137000e-01 1.224000e-01
4.263000e-01 7.920000e-02
4.864000e-01 2.318000e-01
3.074000e-01 1.955000e-01
5.760000e-01 4.800000e-03
9.710000e-02 3.372000e-01
2.245000e-01 4.295000e-01
2.896000e-01 3.473000e-01
3.358000e-01 3.561000e-01
4.713000e-01 5.760000e-02
4.481000e-01 2.500000e-02
7.900000e-02 5.000000e-01
2.536000e-01 3.400000e-01
1.222000e-01 6.915000e-01
3.640000e-01 2.778000e-01
7.491000e-01 5.190000e-02
4.482000e-01 5.209000e-01
1.027000e-01 5.879000e-01
5.458000e-01 1.637000e-01
2.280000e-01 6.230000e-02
4.056000e-01 4.892000e-01
6.243000e-01 3.112000e-01
3.429000e-01 2.566000e-01
5.253000e-01 4.539000e-01
9.690000e-02 2.936000e-01
9.600000e-03 2.214000e-01
3.275000e-01 4.920000e-02
5.288000e-01 3.810000e-01
2.579000e-01 2.325000e-01
7.930000e-02 7.498000e-01
4.027000e-01 3.716000e-01
8.750000e-02 3.577000e-01
3.051000e-01 3.173000e-01
4.924000e-01 3.619000e-01
2.063000e-01 5.104000e-01
4.552000e-01 2.588000e-01
4.452000e-01 2.014000e-01
1.692000e-01 7.139000e-01
5.513000e-01 3.381000e-01
2.451000e-01 2.864000e-01
1.548000e-01 3.324000e-01
5.011000e-01 2.696000e-01
3.570000e-01 5.011000e-01
1.557000e-01 8.340000e-02
3.188000e-01 2.398000e-01
2.881000e-01 2.578000e-01
9.100000e-03 5.054000e-01
4.401000e-01 2.552000e-01
4.350000e-01 2.368000e-01
7.720000e-02 4.066000e-01
1.563000e-01 4.235000e-01
2.083000e-01 3.421000e-01
3.781000e-01 1.980000e-01
2.248000e-01 4.949000e-01
2.783000e-01 3.331000e-01
2.813000e-01 4.274000e-01
4.569000e-01 4.148000e-01
4.015000e-01 4.652000e-01
4.792000e-01 4.570000e-01
2.409000e-01 3.764000e-01
1.000000e-02 5.912000e-01
2.496000e-01 5.340000e-01
2.850000e-02 7.707000e-01
1.930000e-01 1.109000e-01
2.507000e-01 6.484000e-01
4.062000e-01 6.300000e-02
6.010000e-02 1.798000e-01
4.900000e-03 4.997000e-01
7.740000e-02 5.239000e-01
1.701000e-01 5.028000e-01
2.966000e-01 3.866000e-01
1.075000e-01 4.049000e-01
3.954000e-01 3.609000e-01
9.000000e-03 4.688000e-01
6.790000e-02 6.668000e-01
4.051000e-01 1.915000e-01
3.630000e-01 3.217000e-01
3.947000e-01 3.597000e-01
1.777000e-01 3.997000e-01
3.833000e-01 3.108000e-01
9.780000e-02 4.492000e-01
3.104000e-01 4.117000e-01
6.056000e-01 1.516000e-01
6.244000e-01 3.308000e-01
4.772000e-01 1.143000e-01
2.190000e-02 6.670000e-01
4.199000e-01 2.251000e-01
5.517000e-01 3.079000e-01
2.257000e-01 2.811000e-01
3.813000e-01 6.166000e-01
6.506000e-01 2.000000e-02
1.029000e-01 2.407000e-01
3.338000e-01 3.975000e-01
1.535000e-01 4.441000e-01
3.253000e-01 6.095000e-01
4.920000e-01 3.857000e-01
9.270000e-02 8.552000e-01
4.760000e-01 1.442000e-01
3.878000e-01 1.767000e-01
2.861000e-01 2.700000e-01
2.139000e-01 7.059000e-01
1.150000e-01 3.288000e-01
9.100000e-02 4.062000e-01
9.550000e-02 4.203000e-01
2.740000e-02 8.309000e-01
2.381000e-01 4.292000e-01
4.662000e-01 1.062000e-01
4.248000e-01 1.913000e-01
3.738000e-01 4.626000e-01
6.820000e-02 3.599000e-01
4.065000e-01 2.399000e-01
3.275000e-01 3.312000e-01
4.696000e-01 4.187000e-01
1.850000e-01 4.914000e-01
6.767000e-01 2.210000e-01
1.716000e-01 3.881000e-01
1.064000e-01 3.859000e-01
2.734000e-01 3.088000e-01
4.364000e-01 5.760000e-02
3.568000e-01 3.666000e-01
4.191000e-01 4.432000e-01
2.750000e-01 5.120000e-01
5.699000e-01 2.715000e-01
2.821000e-01 4.581000e-01
9.490000e-02 7.037000e-01
3.375000e-01 1.149000e-01
5.500000e-02 4.688000e-01
2.963000e-01 2.460000e-02
3.158000e-01 3.635000e-01
4.462000e-01 2.529000e-01
9.730000e-02 4.850000e-01
6.255000e-01 1.588000e-01
7.470000e-02 3.874000e-01
4.671000e-01 2.041000e-01
2.817000e-01 3.309000e-01
4.115000e-01 1.662000e-01
2.058000e-01 3.512000e-01
2.950000e-01 3.650000e-02
4.286000e-01 3.880000e-02
4.206000e-01 4.015000e-01
2.671000e-01 3.635000e-01
2.391000e-01 3.545000e-01
2.896000e-01 2.787000e-01
4.238000e-01 2.538000e-01
6.720000e-02 1.890000e-01
2.862000e-01 4.179000e-01
6.916000e-01 1.009000e-01
1.165000e-01 7.000000e-01
2.538000e-01 3.681000e-01
2.591000e-01 4.182000e-01
6.964000e-01 2.383000e-01
2.079000e-01 3.997000e-01
8.940000e-02 4.235000e-01
7.161000e-01 1.110000e-02
7.870000e-02 7.672000e-01
3.250000e-01 2.095000e-01
6.124000e-01 9.040000e-02
4.379000e-01 9.700000e-02
2.250000e-01 3.796000e-01
4.619000e-01 1.186000e-01
3.743000e-01 3.924000e-01
3.346000e-01 3.273000e-01
1.087000e-01 4.675000e-01
2.532000e-01 1.732000e-01
4.825000e-01 2.291000e-01
4.562000e-01 2.213000e-01
3.726000e-01 2.650000e-02
3.750000e-02 4.698000e-01
1.341000e-01 6.086000e-01
5.419000e-01 2.027000e-01
2.941000e-01 6.088000e-01
3.357000e-01 5.961000e-01
7.382000e-01 1.540000e-02
1.916000e-01 2.703000e-01
4.917000e-01 3.850000e-01
2.242000e-01 3.198000e-01
6.641000e-01 3.780000e-02
6.370000e-01 1.941000e-01
1.001000e-01 4.355000e-01
3.922000e-01 3.411000e-01
3.379000e-01 1.303000e-01
5.140000e-02 4.459000e-01
3.007000e-01 4.596000e-01
4.454000e-01 5.170000e-02
1.470000e-01 1.456000e-01
2.120000e-02 7.498000e-01
7.116000e-01 2.161000e-01
5.580000e-02 5.622000e-01
4.556000e-01 4.502000e-01
2.025000e-01 4.817000e-01
2.923000e-01 5.933000e-01
4.766000e-01 1.708000e-01
3.879000e-01 6.010000e-01
3.584000e-01 4.555000e-01
3.000000e-01 4.560000e-02
4.187000e-01 3.937000e-01
5.734000e-01 1.331000e-01
3.942000e-01 3.051000e-01
3.487000e-01 3.778000e-01
5.201000e-01 7.200000e-03
3.496000e-01 3.332000e-01
4.975000e-01 3.372000e-01
4.069000e-01 2.202000e-01
3.188000e-01 4.080000e-02
5.100000e-02 2.123000e-01
3.791000e-01 2.744000e-01
7.187000e-01 1.360000e-02
2.300000e-02 2.184000e-01
5.768000e-01 3.400000e-02
3.927000e-01 4.256000e-01
5.150000e-02 5.121000e-01
2.792000e-01 3.173000e-01
2.115000e-01 4.852000e-01
1.257000e-01 1.989000e-01
3.843000e-01 1.097000e-01
2.467000e-01 2.736000e-01
5.057000e-01 8.230000e-02
6.210000e-02 3.856000e-01
6.302000e-01 1.298000e-01
4.100000e-01 1.944000e-01
5.113000e-01 3.639000e-01
6.698000e-01 1.289000e-01
4.250000e-01 1.599000e-01
4.785000e-01 4.034000e-01
2.263000e-01 7.121000e-01
2.486000e-01 5.144000e-01
1.406000e-01 2.948000e-01
1.692000e-01 8.590000e-02
3.265000e-01 2.203000e-01
3.980000e-02 8.427000e-01
3.382000e-01 2.667000e-01
4.638000e-01 1.047000e-01
3.087000e-01 4.039000e-01
4.272000e-01 3.263000e-01
4.239000e-01 2.520000e-01
4.358000e-01 1.285000e-01
4.482000e-01 1.981000e-01
2.326000e-01 3.591000e-01
3.588000e-01 5.427000e-01
3.152000e-01 2.673000e-01
3.956000e-01 4.075000e-01
9.090000e-02 5.700000e-01
3.601000e-01 3.235000e-01
1.455000e-01 3.580000e-01
7.130000e-02 1.545000e-01
6.731000e-01 2.077000e-01
1.569000e-01 3.977000e-01
4.010000e-02 9.064000e-01
2.719000e-01 2.017000e-01
3.524000e-01 3.287000e-01
8.710000e-02 4.641000e-01
2.065000e-01 4.018000e-01
3.661000e-01 1.799000e-01
3.361000e-01 4.130000e-01
5.171000e-01 1.949000e-01
7.193000e-01 6.620000e-02
3.527000e-01 4.602000e-01
2.356000e-01 3.271000e-01
3.987000e-01 1.289000e-01
7.341000e-01 2.329000e-01
2.603000e-01 2.726000e-01
4.978000e-01 3.786000e-01
3.867000e-01 1.291000e-01
1.517000e-01 6.749000e-01
3.077000e-01 6.604000e-01
2.514000e-01 3.485000e-01
2.245000e-01 3.408000e-01
2.200000e-01 6.076000e-01
4.420000e-01 5.840000e-02
1.792000e-01 1.255000e-01
1.991000e-01 3.831000e-01
1.262000e-01 6.122000e-01
2.464000e-01 4.982000e-01
2.908000e-01 3.475000e-01
2.876000e-01 5.800000e-01
1.499000e-01 6.196000e-01
6.690000e-02 2.976000e-01
3.844000e-01 3.734000e-01
2.280000e-01 4.243000e-01
3.420000e-01 3.332000e-01
2.347000e-01 3.495000e-01
4.475000e-01 5.341000e-01
5.557000e-01 2.492000e-01
5.124000e-01 2.344000e-01
1.264000e-01 5.943000e-01
4.418000e-01 1.872000e-01
5.065000e-01 4.589000e-01
3.304000e-01 6.379000e-01
2.760000e-01 3.916000e-01
6.490000e-01 3.211000e-01
8.104000e-01 7.210000e-02
6.767000e-01 1.780000e-02
3.759000e-01 3.750000e-01
6.281000e-01 2.548000e-01
3.785000e-01 2.583000e-01
4.473000e-01 5.009000e-01
7.584000e-01 1.434000e-01
4.170000e-01 4.287000e-01
4.378000e-01 3.151000e-01
1.232000e-01 4.428000e-01
2.033000e-01 7.165000e-01
2.160000e-01 1.141000e-01
2.334000e-01 3.526000e-01
1.590000e-01 4.513000e-01
3.037000e-01 6.852000e-01
3.857000e-01 1.456000e-01
1.850000e-01 4.313000e-01
1.806000e-01 3.826000e-01
5.120000e-01 4.395000e-01
5.996000e-01 1.270000e-01
2.118000e-01 3.381000e-01
2.934000e-01 3.185000e-01
3.421000e-01 2.053000e-01
9.120000e-02 4.239000e-01
5.395000e-01 5.670000e-02
4.215000e-01 2.020000e-02
2.025000e-01 6.645000e-01
5.004000e-01 1.679000e-01
4.184000e-01 5.099000e-01
2.039000e-01 4.867000e-01
1.617000e-01 2.833000e-01
1.939000e-01 5.414000e-01
2.223000e-01 7.598000e-01
3.243000e-01 1.595000e-01
6.714000e-01 3.143000e-01
2.947000e-01 6.734000e-01
2.460000e-01 2.126000e-01
3.909000e-01 1.353000e-01
2.864000e-01 4.227000e-01
2.820000e-01 3.231000e-01
6.017000e-01 1.932000e-01
3.931000e-01 3.419000e-01
3.338000e-01 3.718000e-01
3.361000e-01 3.164000e-01
9.215000e-01 1.180000e-02
9.110000e-02 6.573000e-01
1.132000e-01 7.360000e-01
3.960000e-02 4.136000e-01
5.307000e-01 3.768000e-01
2.094000e-01 6.374000e-01
1.468000e-01 6.600000e-01
4.166000e-01 5.755000e-01
5.252000e-01 1.371000e-01
3.852000e-01 3.588000e-01
7.387000e-01 9.920000e-02
4.695000e-01 2.552000e-01
5.341000e-01 1.592000e-01
3.514000e-01 3.436000e-01
3.202000e-01 6.139000e-01
3.126000e-01 3.522000e-01
1.909000e-01 4.180000e-02
5.116000e-01 2.856000e-01
3.020000e-02 5.699000e-01
1.909000e-01 3.618000e-01
1.707000e-01 6.720000e-01
1.390000e-02 3.445000e-01
3.431000e-01 2.132000e-01
1.476000e-01 1.407000e-01
7.280000e-01 6.490000e-02
6.726000e-01 2.835000e-01
1.639000e-01 4.770000e-01
2.475000e-01 5.199000e-01
3.241000e-01 4.065000e-01
4.620000e-01 1.902000e-01
3.960000e-01 4.759000e-01
4.160000e-01 2.552000e-01
5.573000e-01 7.900000e-02
3.473000e-01 6.299000e-01
1.966000e-01 2.555000e-01
5.229000e-01 1.856000e-01
1.257000e-01 6.254000e-01
4.727000e-01 3.429000e-01
4.791000e-01 8.590000e-02
1.381000e-01 7.060000e-02
2.118000e-01 3.470000e-02
6.713000e-01 4.250000e-02
2.587000e-01 4.444000e-01
3.488000e-01 6.410000e-01
2.057000e-01 4.026000e-01
3.811000e-01 3.338000e-01
5.312000e-01 9.750000e-02
3.894000e-01 1.950000e-01
5.365000e-01 2.480000e-01
5.590000e-02 3.049000e-01
3.220000e-01 5.130000e-02
5.024000e-01 4.428000e-01
3.614000e-01 2.480000e-01
6.338000e-01 2.177000e-01
2.662000e-01 5.800000e-01
4.577000e-01 2.650000e-01
5.562000e-01 3.125000e-01
6.136000e-01 3.523000e-01
3.052000e-01 3.081000e-01
4.902000e-01 1.338000e-01
1.289000e-01 6.433000e-01
3.664000e-01 1.476000e-01
5.521000e-01 2.820000e-01
3.249000e-01 2.790000e-01
1.647000e-01 1.304000e-01
5.610000e-02 4.595000e-01
2.159000e-01 4.153000e-01
1.622000e-01 5.869000e-01
5.859000e-01 1.979000e-01
2.772000e-01 1.592000e-01
4.745000e-01 3.248000e-01
6.792000e-01 2.692000e-01
6.198000e-01 3.023000e-01
2.012000e-01 3.928000e-01
1.090000e-02 9.777000e-01
5.140000e-01 1.385000e-01
1.246000e-01 4.053000e-01
2.513000e-01 4.297000e-01
3.808000e-01 1.934000e-01
4.112000e-01 1.706000e-01
4.000000e-01 3.027000e-01
4.410000e-01 3.835000e-01
1.664000e-01 4.774000e-01
6.386000e-01 1.011000e-01
3.626000e-01 1.000000e-03
6.836000e-01 1.350000e-02
2.474000e-01 4.766000e-01
4.657000e-01 1.730000e-01
4.639000e-01 4.568000e-01
2.932000e-01 3.088000e-01
5.756000e-01 5.540000e-02
6.075000e-01 3.769000e-01
1.488000e-01 6.166000e-01
1.645000e-01 4.867000e-01
4.564000e-01 4.655000e-01
4.033000e-01 3.219000e-01
1.648000e-01 4.019000e-01
4.081000e-01 4.970000e-01
3.832000e-01 2.869000e-01
1.196000e-01 3.961000e-01
3.675000e-01 2.837000e-01
7.233000e-01 1.797000e-01
4.333000e-01 1.953000e-01
4.710000e-01 2.260000e-01
4.243000e-01 4.870000e-02
4.178000e-01 1.695000e-01
1.771000e-01 6.550000e-02
3.783000e-01 2.070000e-01
3.069000e-01 2.129000e-01
2.159000e-01 4.540000e-01
3.987000e-01 5.377000e-01
1.841000e-01 1.720000e-01
2.073000e-01 1.310000e-01
1.770000e-01 2.236000e-01
1.180000e-01 8.340000e-02
1.605000e-01 1.731000e-01
4.987000e-01 2.754000e-01
4.814000e-01 2.106000e-01
4.182000e-01 1.593000e-01
1.184000e-01 6.581000e-01
2.304000e-01 4.692000e-01
3.562000e-01 3.688000e-01
1.470000e-01 4.364000e-01
6.423000e-01 3.127000e-01
1.560000e-01 3.954000e-01
1.070000e-02 7.913000e-01
4.090000e-01 3.624000e-01
3.250000e-01 2.971000e-01
1.734000e-01 4.070000e-02
3.375000e-01 2.647000e-01
5.716000e-01 7.920000e-02
3.576000e-01 1.846000e-01
2.470000e-01 5.362000e-01
4.366000e-01 2.181000e-01
8.860000e-02 5.899000e-01
5.055000e-01 4.177000e-01
2.248000e-01 4.045000e-01
2.958000e-01 3.315000e-01
6.030000e-01 3.864000e-01
4.166000e-01 2.559000e-01
4.838000e-01 1.410000e-01
4.960000e-01 4.405000e-01
5.597000e-01 1.096000e-01
2.066000e-01 3.069000e-01
2.873000e-01 6.340000e-02
3.332000e-01 3.473000e-01
4.378000e-01 5.457000e-01
5.663000e-01 8.560000e-02
4.181000e-01 3.486000e-01
2.925000e-01 4.055000e-01
5.707000e-01 9.070000e-02
5.826000e-01 2.310000e-01
4.033000e-01 7.890000e-02
1.110000e-02 4.717000e-01
4.013000e-01 2.881000e-01
5.158000e-01 4.615000e-01
3.488000e-01 8.000000e-02
3.525000e-01 3.344000e-01
1.206000e-01 3.249000e-01
2.055000e-01 3.837000e-01
4.314000e-01 4.203000e-01
4.290000e-01 5.515000e-01
1.070000e-01 4.213000e-01
3.835000e-01 1.722000e-01
3.109000e-01 1.995000e-01
2.400000e-03 6.047000e-01
2.945000e-01 3.157000e-01
6.295000e-01 1.212000e-01
4.476000e-01 4.080000e-01
2.508000e-01 3.306000e-01
4.122000e-01 2.621000e-01
1.096000e-01 3.147000e-01
2.574000e-01 4.349000e-01
3.066000e-01 6.586000e-01
4.153000e-01 1.540000e-01
8.340000e-02 3.561000e-01
3.998000e-01 2.355000e-01
4.962000e-01 3.155000e-01
3.368000e-01 8.280000e-02
2.817000e-01 4.376000e-01
2.170000e-02 8.608000e-01
9.610000e-02 6.828000e-01
2.453000e-01 4.791000e-01
1.041000e-01 4.274000e-01
1.990000e-02 9.212000e-01
5.820000e-01 1.595000e-01
4.620000e-01 4.851000e-01
2.132000e-01 6.103000e-01
3.322000e-01 5.643000e-01
1.246000e-01 3.657000e-01
3.535000e-01 2.827000e-01
3.779000e-01 8.710000e-02
5.774000e-01 3.174000e-01
6.624000e-01 3.173000e-01
4.588000e-01 4.320000e-01
3.431000e-01 6.388000e-01
7.430000e-02 6.461000e-01
4.061000e-01 3.096000e-01
3.299000e-01 3.734000e-01
1.202000e-01 5.912000e-01
4.759000e-01 9.810000e-02
2.290000e-01 3.043000e-01
5.081000e-01 3.627000e-01
6.240000e-01 1.555000e-01
3.235000e-01 3.287000e-01
4.731000e-01 4.801000e-01
7.660000e-02 4.559000e-01
4.570000e-02 2.934000e-01
5.409000e-01 1.411000e-01
4.402000e-01 2.459000e-01
3.704000e-01 3.378000e-01
3.115000e-01 8.760000e-02
7.411000e-01 5.990000e-02
5.982000e-01 1.060000e-01
4.798000e-01 2.986000e-01
7.741000e-01 1.160000e-02
2.153000e-01 1.168000e-01
5.960000e-02 4.600000e-02
3.051000e-01 1.811000e-01
6.180000e-02 7.450000e-01
1.023000e-01 3.008000e-01
2.520000e-02 1.503000e-01
6.160000e-02 4.665000e-01
3.592000e-01 3.007000e-01
1.590000e-01 4.010000e-01
6.630000e-01 1.618000e-01
2.540000e-01 3.910000e-01
4.358000e-01 2.080000e-01
2.327000e-01 4.447000e-01
4.930000e-02 3.834000e-01
5.757000e-01 2.974000e-01
6.752000e-01 1.610000e-02
4.053000e-01 2.391000e-01
3.120000e-02 5.871000e-01
1.792000e-01 4.041000e-01
5.877000e-01 1.170000e-02
3.027000e-01 1.151000e-01
3.415000e-01 3.319000e-01
3.045000e-01 4.314000e-01
3.694000e-01 3.477000e-01
4.176000e-01 8.780000e-02
3.175000e-01 3.624000e-01
2.784000e-01 4.395000e-01
1.979000e-01 3.389000e-01
2.056000e-01 4.784000e-01
1.164000e-01 6.692000e-01
2.973000e-01 3.466000e-01
1.103000e-01 5.812000e-01
5.768000e-01 3.573000e-01
8.230000e-02 7.425000e-01
1.300000e-01 1.831000e-01
4.124000e-01 4.847000e-01
1.842000e-01 2.344000e-01
3.327000e-01 4.272000e-01
4.606000e-01 1.070000e-01
2.612000e-01 3.095000e-01
1.932000e-01 6.014000e-01
2.603000e-01 4.830000e-01
2.093000e-01 3.762000e-01
4.171000e-01 3.362000e-01
1.339000e-01 5.293000e-01
1.021000e-01 4.729000e-01
5.667000e-01 3.424000e-01
3.271000e-01 1.392000e-01
2.012000e-01 2.778000e-01
4.491000e-01 5.144000e-01
2.266000e-01 3.788000e-01
3.427000e-01 2.255000e-01
2.312000e-01 4.525000e-01
2.364000e-01 3.795000e-01
4.700000e-01 2.293000e-01
1.756000e-01 3.547000e-01
2.156000e-01 4.062000e-01
1.159000e-01 4.810000e-02
9.328000e-01 6.030000e-02
1.516000e-01 2.668000e-01
2.224000e-01 2.593000e-01
3.211000e-01 3.463000e-01
2.794000e-01 4.707000e-01
6.570000e-02 3.899000e-01
3.926000e-01 2.173000e-01
2.660000e-01 4.185000e-01
3.148000e-01 3.396000e-01
1.755000e-01 1.388000e-01
4.636000e-01 1.476000e-01
4.042000e-01 2.186000e-01
5.120000e-01 4.853000e-01
5.493000e-01 4.126000e-01
4.858000e-01 3.275000e-01
4.810000e-01 5.980000e-02
3.122000e-01 4.264000e-01
3.378000e-01 4.184000e-01
3.198000e-01 3.473000e-01
5.227000e-01 2.790000e-01
4.738000e-01 3.681000e-01
2.881000e-01 6.286000e-01
8.570000e-02 4.987000e-01
4.380000e-02 5.275000e-01
3.891000e-01 2.099000e-01
2.753000e-01 6.600000e-02
3.394000e-01 2.462000e-01
6.785000e-01 1.110000e-02
3.201000e-01 4.830000e-01
4.724000e-01 3.970000e-02
2.314000e-01 3.192000e-01
5.070000e-02 4.790000e-01
4.620000e-01 2.761000e-01
2.960000e-01 4.255000e-01
5.264000e-01 1.595000e-01
1.000000e-03 4.026000e-01
5.005000e-01 3.146000e-01
3.433000e-01 2.121000e-01
3.132000e-01 3.887000e-01
4.159000e-01 2.582000e-01
2.372000e-01 3.645000e-01
1.120000e-01 3.751000e-01
5.896000e-01 9.380000e-02
4.807000e-01 5.152000e-01
5.115000e-01 4.133000e-01
3.945000e-01 1.122000e-01
2.568000e-01 3.634000e-01
7.253000e-01 1.404000e-01
3.850000e-02 8.360000e-02
3.315000e-01 2.005000e-01
2.056000e-01 4.138000e-01
3.379000e-01 5.670000e-02
2.964000e-01 1.282000e-01
4.325000e-01 2.588000e-01
1.669000e-01 4.733000e-01
2.145000e-01 7.789000e-01
1.302000e-01 5.207000e-01
2.847000e-01 6.989000e-01
2.360000e-01 2.321000e-01
5.075000e-01 2.932000e-01
4.214000e-01 2.019000e-01
6.428000e-01 2.840000e-01
1.633000e-01 4.027000e-01
5.590000e-01 3.562000e-01
4.628000e-01 3.640000e-01
4.372000e-01 2.238000e-01
3.227000e-01 3.403000e-01
3.348000e-01 3.115000e-01
4.760000e-02 5.267000e-01
4.121000e-01 1.402000e-01
7.130000e-02 6.857000e-01
5.158000e-01 1.387000e-01
6.514000e-01 2.694000e-01
3.392000e-01 1.989000e-01
4.922000e-01 4.518000e-01
2.398000e-01 6.295000e-01
5.562000e-01 3.864000e-01
2.248000e-01 3.850000e-01
6.493000e-01 1.177000e-01
3.642000e-01 3.209000e-01
2.276000e-01 4.962000e-01
2.827000e-01 6.686000e-01
4.622000e-01 2.548000e-01
4.397000e-01 1.112000e-01
4.780000e-01 3.072000e-01
1.222000e-01 7.708000e-01
3.942000e-01 4.315000e-01
1.085000e-01 4.598000e-01
2.611000e-01 7.005000e-01
2.317000e-01 2.540000e-02
5.796000e-01 3.492000e-01
4.136000e-01 3.438000e-01
2.742000e-01 4.652000e-01
1.794000e-01 2.888000e-01
2.611000e-01 4.318000e-01
1.418000e-01 7.335000e-01
4.640000e-02 3.894000e-01
3.631000e-01 1.400000e-01
3.487000e-01 3.158000e-01
4.286000e-01 1.561000e-01
4.630000e-02 6.800000e-01
6.660000e-02 1.133000e-01
4.049000e-01 3.652000e-01
2.203000e-01 5.587000e-01
4.226000e-01 3.779000e-01
5.076000e-01 1.776000e-01
4.557000e-01 1.661000e-01
2.205000e-01 5.236000e-01
2.034000e-01 1.923000e-01
2.994000e-01 3.357000e-01
1.362000e-01 4.268000e-01
3.074000e-01 1.153000e-01
4.071000e-01 4.185000e-01
3.204000e-01 2.834000e-01
3.748000e-01 6.080000e-01
7.400000e-02 4.051000e-01
4.230000e-01 3.310000e-02
7.730000e-02 2.367000e-01
3.810000e-02 4.674000e-01
2.616000e-01 4.294000e-01
2.696000e-01 6.342000e-01
2.030000e-02 9.413000e-01
5.788000e-01 2.513000e-01
4.106000e-01 4.000000e-01
4.383000e-01 3.713000e-01
2.534000e-01 3.568000e-01
3.870000e-01 2.836000e-01
3.175000e-01 3.858000e-01
6.993000e-01 7.170000e-02
3.606000e-01 5.605000e-01
3.114000e-01 3.199000e-01
2.655000e-01 3.350000e-01
5.163000e-01 9.300000e-03
1.649000e-01 5.366000e-01
2.519000e-01 2.768000e-01
4.653000e-01 4.096000e-01
8.673000e-01 6.500000e-02
4.572000e-01 4.263000e-01
2.334000e-01 3.525000e-01
4.862000e-01 3.861000e-01
1.301000e-01 6.046000e-01
5.217000e-01 1.717000e-01
4.544000e-01 3.476000e-01
1.660000e-01 3.429000e-01
5.823000e-01 1.706000e-01
2.834000e-01 1.711000e-01
4.507000e-01 5.156000e-01
1.401000e-01 3.778000e-01
3.484000e-01 3.435000e-01
4.544000e-01 3.278000e-01
3.731000e-01 2.785000e-01
2.800000e-01 3.398000e-01
4.170000e-01 3.780000e-01
4.666000e-01 2.948000e-01
3.703000e-01 2.754000e-01
2.653000e-01 1.412000e-01
2.199000e-01 5.381000e-01
5.608000e-01 2.560000e-02
1.094000e-01 3.083000e-01
7.730000e-02 6.036000e-01
5.596000e-01 1.076000e-01
4.603000e-01 3.840000e-02
1.925000e-01 4.383000e-01
4.784000e-01 1.675000e-01
7.533000e-01 1.260000e-02
4.377000e-01 2.374000e-01
4.670000e-02 2.925000e-01
4.426000e-01 1.885000e-01
3.844000e-01 1.255000e-01
2.949000e-01 3.559000e-01
4.341000e-01 1.280000e-01
5.773000e-01 3.877000e-01
3.959000e-01 1.415000e-01
1.917000e-01 7.070000e-02
5.654000e-01 1.710000e-01
5.810000e-01 2.747000e-01
4.093000e-01 3.504000e-01
3.026000e-01 3.417000e-01
4.865000e-01 2.228000e-01
1.943000e-01 4.803000e-01
1.200000e-01 4.860000e-01
1.109000e-01 6.500000e-01
5.319000e-01 4.307000e-01
5.605000e-01 2.463000e-01
3.967000e-01 5.983000e-01
4.121000e-01 2.376000e-01
1.155000e-01 3.700000e-01
3.518000e-01 4.383000e-01
3.725000e-01 4.698000e-01
5.377000e-01 1.797000e-01
4.889000e-01 3.028000e-01
2.216000e-01 4.260000e-01
3.684000e-01 5.338000e-01
3.782000e-01 3.827000e-01
4.358000e-01 3.183000e-01
4.033000e-01 1.715000e-01
1.201000e-01 3.379000e-01
4.808000e-01 2.604000e-01
4.058000e-01 3.675000e-01
2.367000e-01 5.159000e-01
1.240000e-01 4.968000e-01
4.284000e-01 4.650000e-01
5.712000e-01 2.040000e-02
3.348000e-01 3.034000e-01
4.613000e-01 4.248000e-01
8.640000e-02 5.272000e-01
3.386000e-01 1.988000e-01
9.940000e-02 4.873000e-01
4.800000e-01 2.417000e-01
