5.033000e-01 3.513000e-01
3.798000e-01 1.510000e-01
3.614000e-01 2.480000e-01
5.712000e-01 2.040000e-02
3.967000e-01 5.983000e-01
4.824000e-01 2.206000e-01
2.930000e-02 3.470000e-02
4.380000e-02 5.275000e-01
5.446000e-01 1.450000e-01
1.716000e-01 3.881000e-01
6.032000e-01 2.289000e-01
2.899000e-01 3.599000e-01
3.070000e-02 8.685000e-01
7.039000e-01 1.022000e-01
1.150000e-02 6.132000e-01
5.124000e-01 2.344000e-01
5.796000e-01 3.492000e-01
1.608000e-01 5.858000e-01
1.860000e-01 4.308000e-01
5.004000e-01 1.679000e-01
8.191000e-01 1.583000e-01
2.280000e-01 6.230000e-02
1.001000e-01 4.355000e-01
2.467000e-01 2.736000e-01
4.462000e-01 2.529000e-01
8.990000e-02 4.970000e-01
3.512000e-01 3.592000e-01
9.920000e-02 3.810000e-01
2.380000e-01 4.832000e-01
4.351000e-01 1.919000e-01
7.930000e-02 7.498000e-01
3.890000e-01 5.791000e-01
3.498000e-01 2.637000e-01
4.042000e-01 2.186000e-01
5.024000e-01 4.428000e-01
2.603000e-01 4.830000e-01
1.646000e-01 3.708000e-01
4.640000e-02 3.894000e-01
1.155000e-01 3.700000e-01
4.333000e-01 1.953000e-01
2.965000e-01 7.830000e-02
3.441000e-01 6.520000e-01
2.400000e-03 6.047000e-01
2.118000e-01 3.381000e-01
2.867000e-01 4.832000e-01
4.290000e-01 5.515000e-01
5.527000e-01 7.560000e-02
4.751000e-01 4.763000e-01
5.150000e-02 4.315000e-01
3.122000e-01 4.264000e-01
4.182000e-01 1.593000e-01
3.285000e-01 3.432000e-01
1.771000e-01 6.550000e-02
4.366000e-01 2.181000e-01
4.021000e-01 1.433000e-01
5.459000e-01 2.359000e-01
3.363000e-01 3.645000e-01
9.660000e-02 8.956000e-01
4.314000e-01 4.203000e-01
3.178000e-01 2.422000e-01
2.514000e-01 3.485000e-01
5.171000e-01 1.949000e-01
6.459000e-01 2.495000e-01
4.191000e-01 4.432000e-01
1.633000e-01 4.027000e-01
5.379000e-01 1.850000e-02
2.981000e-01 5.025000e-01
5.389000e-01 3.107000e-01
4.807000e-01 5.152000e-01
2.040000e-01 5.768000e-01
8.296000e-01 5.060000e-02
2.208000e-01 4.489000e-01
6.030000e-01 3.864000e-01
9.730000e-02 4.850000e-01
2.453000e-01 4.791000e-01
4.088000e-01 2.088000e-01
4.724000e-01 3.970000e-02
4.163000e-01 1.928000e-01
3.810000e-02 4.674000e-01
1.930000e-01 1.109000e-01
6.016000e-01 1.991000e-01
9.690000e-02 2.936000e-01
1.137000e-01 5.832000e-01
6.558000e-01 3.118000e-01
1.120000e-01 3.751000e-01
2.898000e-01 2.373000e-01
5.608000e-01 2.560000e-02
4.600000e-01 5.166000e-01
3.132000e-01 3.887000e-01
1.320000e-02 6.302000e-01
3.950000e-01 3.084000e-01
4.364000e-01 2.829000e-01
9.970000e-02 5.155000e-01
1.936000e-01 6.086000e-01
4.165000e-01 2.794000e-01
1.368000e-01 3.835000e-01
3.318000e-01 5.214000e-01
4.230000e-01 3.310000e-02
3.929000e-01 3.006000e-01
3.180000e-01 3.304000e-01
5.768000e-01 5.450000e-02
9.120000e-02 4.239000e-01
7.304000e-01 1.416000e-01
3.938000e-01 4.348000e-01
2.876000e-01 2.298000e-01
4.107000e-01 2.360000e-01
3.275000e-01 3.312000e-01
5.100000e-02 3.835000e-01
4.917000e-01 3.850000e-01
2.934000e-01 3.185000e-01
3.348000e-01 3.034000e-01
2.347000e-01 5.724000e-01
6.851000e-01 5.080000e-02
2.901000e-01 3.226000e-01
1.606000e-01 5.373000e-01
3.820000e-02 1.848000e-01
1.200000e-01 4.860000e-01
3.993000e-01 8.520000e-02
4.316000e-01 5.700000e-03
2.986000e-01 3.828000e-01
5.365000e-01 2.480000e-01
4.745000e-01 3.248000e-01
3.185000e-01 6.004000e-01
6.339000e-01 9.100000e-02
3.484000e-01 3.435000e-01
3.472000e-01 4.431000e-01
2.310000e-01 2.168000e-01
3.392000e-01 1.989000e-01
4.815000e-01 9.850000e-02
3.077000e-01 6.604000e-01
5.768000e-01 3.573000e-01
3.390000e-02 3.710000e-01
5.617000e-01 1.030000e-02
5.557000e-01 2.492000e-01
2.032000e-01 7.576000e-01
3.668000e-01 1.780000e-02
4.603000e-01 3.840000e-02
6.160000e-02 4.665000e-01
2.899000e-01 1.329000e-01
3.821000e-01 2.389000e-01
2.789000e-01 2.966000e-01
9.580000e-02 1.345000e-01
4.438000e-01 2.243000e-01
3.200000e-01 2.438000e-01
4.547000e-01 8.450000e-02
4.989000e-01 1.341000e-01
3.375000e-01 2.647000e-01
3.501000e-01 1.969000e-01
1.841000e-01 1.720000e-01
4.978000e-01 3.786000e-01
2.772000e-01 1.592000e-01
4.364000e-01 1.345000e-01
6.281000e-01 2.548000e-01
2.245000e-01 4.295000e-01
4.359000e-01 4.478000e-01
1.302000e-01 5.207000e-01
3.378000e-01 4.184000e-01
2.907000e-01 2.780000e-02
3.219000e-01 2.714000e-01
4.094000e-01 2.485000e-01
3.003000e-01 6.781000e-01
2.803000e-01 5.355000e-01
3.992000e-01 3.965000e-01
6.570000e-01 2.914000e-01
4.045000e-01 4.258000e-01
3.684000e-01 5.338000e-01
5.656000e-01 3.670000e-02
2.574000e-01 4.349000e-01
4.577000e-01 2.650000e-01
4.573000e-01 5.113000e-01
8.640000e-02 5.272000e-01
5.947000e-01 3.001000e-01
2.248000e-01 4.949000e-01
4.808000e-01 2.604000e-01
1.909000e-01 2.436000e-01
5.924000e-01 2.691000e-01
2.264000e-01 1.133000e-01
2.282000e-01 5.165000e-01
4.074000e-01 3.199000e-01
2.396000e-01 5.500000e-01
2.446000e-01 4.517000e-01
4.638000e-01 1.047000e-01
7.470000e-02 4.927000e-01
4.849000e-01 4.709000e-01
2.090000e-01 1.916000e-01
3.707000e-01 1.407000e-01
2.118000e-01 3.470000e-02
2.820000e-01 4.354000e-01
4.551000e-01 1.625000e-01
4.177000e-01 3.699000e-01
1.023000e-01 3.008000e-01
4.291000e-01 4.938000e-01
5.768000e-01 3.400000e-02
1.260000e-01 5.300000e-02
2.145000e-01 7.789000e-01
1.595000e-01 4.034000e-01
6.055000e-01 1.167000e-01
3.860000e-01 2.921000e-01
1.108000e-01 5.057000e-01
5.211000e-01 2.263000e-01
1.669000e-01 4.733000e-01
3.359000e-01 5.706000e-01
7.069000e-01 1.993000e-01
7.241000e-01 1.468000e-01
6.243000e-01 3.112000e-01
1.222000e-01 4.926000e-01
4.147000e-01 9.840000e-02
4.911000e-01 1.148000e-01
5.707000e-01 1.193000e-01
4.570000e-02 2.934000e-01
2.513000e-01 4.297000e-01
5.124000e-01 1.745000e-01
6.210000e-02 3.856000e-01
5.081000e-01 3.627000e-01
4.325000e-01 2.588000e-01
2.817000e-01 4.376000e-01
4.420000e-02 5.973000e-01
3.943000e-01 3.600000e-02
4.461000e-01 3.206000e-01
1.806000e-01 3.826000e-01
7.044000e-01 1.491000e-01
1.025000e-01 7.430000e-02
6.078000e-01 2.020000e-01
5.596000e-01 1.076000e-01
3.315000e-01 2.005000e-01
5.823000e-01 1.706000e-01
1.377000e-01 3.820000e-01
7.193000e-01 6.620000e-02
3.975000e-01 5.447000e-01
1.519000e-01 6.410000e-01
1.673000e-01 7.275000e-01
3.285000e-01 4.037000e-01
3.346000e-01 3.273000e-01
2.266000e-01 3.788000e-01
5.345000e-01 3.380000e-02
5.727000e-01 2.010000e-02
1.393000e-01 3.561000e-01
3.601000e-01 3.235000e-01
4.759000e-01 9.810000e-02
1.590000e-01 4.010000e-01
2.066000e-01 3.069000e-01
1.176000e-01 6.162000e-01
2.619000e-01 2.967000e-01
4.491000e-01 5.144000e-01
4.420000e-01 5.840000e-02
2.821000e-01 4.581000e-01
4.507000e-01 5.156000e-01
1.448000e-01 2.863000e-01
4.401000e-01 2.552000e-01
4.204000e-01 2.035000e-01
5.181000e-01 1.609000e-01
5.772000e-01 2.573000e-01
1.113000e-01 1.681000e-01
3.742000e-01 5.762000e-01
3.277000e-01 4.629000e-01
1.503000e-01 4.630000e-01
2.855000e-01 4.224000e-01
1.511000e-01 3.725000e-01
4.012000e-01 3.929000e-01
2.572000e-01 3.334000e-01
3.213000e-01 4.047000e-01
1.184000e-01 6.581000e-01
5.003000e-01 1.643000e-01
3.508000e-01 2.672000e-01
7.138000e-01 2.806000e-01
1.539000e-01 4.908000e-01
2.033000e-01 7.165000e-01
1.707000e-01 6.720000e-01
1.289000e-01 6.433000e-01
3.299000e-01 3.734000e-01
3.725000e-01 4.698000e-01
1.406000e-01 2.151000e-01
2.533000e-01 3.399000e-01
2.536000e-01 3.400000e-01
5.859000e-01 1.979000e-01
3.612000e-01 6.870000e-02
1.196000e-01 3.961000e-01
3.732000e-01 2.338000e-01
4.400000e-03 4.960000e-02
7.300000e-02 4.286000e-01
3.994000e-01 5.830000e-01
1.605000e-01 1.731000e-01
4.408000e-01 4.745000e-01
4.794000e-01 1.997000e-01
2.532000e-01 1.732000e-01
2.326000e-01 3.591000e-01
5.057000e-01 8.230000e-02
2.039000e-01 4.867000e-01
2.503000e-01 4.350000e-01
2.832000e-01 4.873000e-01
3.115000e-01 8.760000e-02
2.813000e-01 4.274000e-01
7.080000e-02 6.781000e-01
9.860000e-02 4.785000e-01
4.239000e-01 2.520000e-01
5.675000e-01 4.143000e-01
2.538000e-01 3.681000e-01
3.328000e-01 4.006000e-01
3.852000e-01 3.588000e-01
4.772000e-01 1.143000e-01
7.200000e-01 1.807000e-01
2.096000e-01 3.275000e-01
3.514000e-01 3.436000e-01
3.028000e-01 2.717000e-01
5.011000e-01 2.380000e-01
8.860000e-02 5.899000e-01
5.120000e-01 4.395000e-01
6.784000e-01 3.530000e-02
5.668000e-01 2.880000e-01
4.660000e-02 4.842000e-01
4.264000e-01 1.822000e-01
4.203000e-01 4.233000e-01
4.118000e-01 1.349000e-01
3.175000e-01 3.624000e-01
5.257000e-01 1.544000e-01
1.694000e-01 4.260000e-01
3.606000e-01 5.605000e-01
7.230000e-02 2.749000e-01
5.198000e-01 4.468000e-01
4.032000e-01 3.093000e-01
2.153000e-01 1.168000e-01
7.126000e-01 1.025000e-01
8.940000e-02 6.949000e-01
5.141000e-01 3.938000e-01
4.322000e-01 3.487000e-01
5.020000e-01 1.480000e-01
2.299000e-01 6.160000e-01
7.018000e-01 7.740000e-02
2.582000e-01 4.658000e-01
3.304000e-01 6.379000e-01
4.153000e-01 1.540000e-01
2.881000e-01 2.578000e-01
3.434000e-01 3.586000e-01
7.740000e-02 5.239000e-01
6.295000e-01 1.212000e-01
1.608000e-01 3.771000e-01
3.714000e-01 3.932000e-01
4.226000e-01 3.779000e-01
3.308000e-01 3.852000e-01
3.589000e-01 1.307000e-01
3.273000e-01 4.017000e-01
5.458000e-01 1.637000e-01
2.304000e-01 4.692000e-01
3.500000e-01 1.896000e-01
5.429000e-01 1.294000e-01
5.055000e-01 4.177000e-01
3.643000e-01 5.100000e-01
1.413000e-01 2.417000e-01
1.014000e-01 2.271000e-01
1.660000e-01 3.429000e-01
6.243000e-01 2.409000e-01
4.000000e-03 5.609000e-01
4.930000e-02 3.834000e-01
4.520000e-01 1.762000e-01
2.555000e-01 3.958000e-01
3.361000e-01 4.130000e-01
4.357000e-01 4.596000e-01
2.775000e-01 3.822000e-01
6.629000e-01 2.139000e-01
1.488000e-01 6.166000e-01
2.485000e-01 4.471000e-01
3.524000e-01 2.979000e-01
4.940000e-01 2.317000e-01
2.834000e-01 1.711000e-01
3.243000e-01 1.595000e-01
1.038000e-01 3.948000e-01
4.159000e-01 2.582000e-01
8.207000e-01 1.479000e-01
2.356000e-01 3.271000e-01
2.090000e-01 5.409000e-01
3.658000e-01 2.323000e-01
5.285000e-01 4.408000e-01
3.910000e-02 5.217000e-01
3.193000e-01 2.518000e-01
3.796000e-01 1.933000e-01
5.124000e-01 2.973000e-01
1.677000e-01 5.392000e-01
3.055000e-01 5.041000e-01
3.560000e-02 3.120000e-01
5.307000e-01 3.768000e-01
3.813000e-01 6.166000e-01
4.822000e-01 1.039000e-01
2.873000e-01 6.340000e-02
9.328000e-01 6.030000e-02
3.220000e-01 5.130000e-02
3.306000e-01 3.102000e-01
4.460000e-02 5.755000e-01
3.126000e-01 3.522000e-01
1.481000e-01 1.802000e-01
2.025000e-01 4.145000e-01
8.200000e-02 3.972000e-01
4.924000e-01 3.619000e-01
4.272000e-01 3.263000e-01
7.341000e-01 2.329000e-01
3.544000e-01 3.290000e-01
1.159000e-01 4.810000e-02
4.839000e-01 2.012000e-01
3.926000e-01 2.173000e-01
2.460000e-01 2.126000e-01
3.154000e-01 3.565000e-01
3.357000e-01 5.961000e-01
3.704000e-01 3.378000e-01
6.900000e-03 5.412000e-01
5.859000e-01 2.743000e-01
1.390000e-02 3.445000e-01
3.524000e-01 3.287000e-01
2.879000e-01 2.674000e-01
2.243000e-01 3.344000e-01
2.025000e-01 4.817000e-01
3.870000e-01 2.836000e-01
1.115000e-01 3.460000e-01
4.972000e-01 5.870000e-02
4.754000e-01 5.076000e-01
3.375000e-01 1.149000e-01
2.805000e-01 4.849000e-01
1.979000e-01 3.389000e-01
6.713000e-01 4.250000e-02
2.931000e-01 2.968000e-01
5.916000e-01 2.836000e-01
2.568000e-01 3.634000e-01
1.353000e-01 1.438000e-01
2.603000e-01 2.726000e-01
3.703000e-01 2.754000e-01
6.362000e-01 3.170000e-01
1.883000e-01 6.008000e-01
4.578000e-01 2.400000e-01
2.391000e-01 5.596000e-01
5.395000e-01 5.670000e-02
3.656000e-01 1.202000e-01
8.104000e-01 7.210000e-02
2.534000e-01 3.568000e-01
4.760000e-01 1.442000e-01
6.671000e-01 1.154000e-01
2.489000e-01 3.800000e-01
1.729000e-01 6.418000e-01
3.936000e-01 2.806000e-01
1.738000e-01 2.538000e-01
2.888000e-01 2.087000e-01
1.651000e-01 4.324000e-01
3.942000e-01 7.880000e-02
4.370000e-01 1.083000e-01
4.286000e-01 1.561000e-01
3.293000e-01 4.109000e-01
5.065000e-01 4.589000e-01
2.364000e-01 3.795000e-01
1.664000e-01 4.774000e-01
4.961000e-01 2.664000e-01
8.580000e-02 5.388000e-01
5.590000e-01 3.562000e-01
1.381000e-01 7.060000e-02
1.164000e-01 6.692000e-01
3.690000e-01 3.900000e-01
1.062000e-01 4.494000e-01
7.880000e-02 3.953000e-01
3.496000e-01 3.332000e-01
3.927000e-01 4.256000e-01
2.223000e-01 7.598000e-01
4.032000e-01 5.885000e-01
2.312000e-01 2.012000e-01
2.625000e-01 5.014000e-01
4.851000e-01 3.718000e-01
3.956000e-01 4.075000e-01
5.021000e-01 2.090000e-02
5.597000e-01 2.606000e-01
1.445000e-01 6.616000e-01
5.661000e-01 1.503000e-01
6.820000e-02 3.599000e-01
3.518000e-01 4.383000e-01
1.000000e-03 4.026000e-01
2.945000e-01 3.157000e-01
1.553000e-01 2.964000e-01
3.877000e-01 4.879000e-01
5.115000e-01 4.133000e-01
2.760000e-01 3.916000e-01
1.563000e-01 4.235000e-01
3.114000e-01 3.199000e-01
7.580000e-02 5.096000e-01
1.649000e-01 5.366000e-01
3.201000e-01 4.830000e-01
1.644000e-01 3.449000e-01
7.071000e-01 2.277000e-01
9.780000e-02 4.492000e-01
3.379000e-01 5.670000e-02
2.653000e-01 1.412000e-01
5.296000e-01 2.952000e-01
5.140000e-01 1.385000e-01
1.020000e-01 6.578000e-01
3.832000e-01 2.869000e-01
6.490000e-01 3.211000e-01
2.660000e-01 4.185000e-01
2.591000e-01 4.182000e-01
2.966000e-01 3.866000e-01
3.429000e-01 2.566000e-01
3.052000e-01 3.081000e-01
5.229000e-01 1.856000e-01
1.734000e-01 4.070000e-02
6.240000e-01 1.555000e-01
3.080000e-01 5.781000e-01
3.579000e-01 2.628000e-01
3.909000e-01 1.353000e-01
3.657000e-01 3.577000e-01
1.022000e-01 3.412000e-01
2.451000e-01 2.864000e-01
2.814000e-01 4.219000e-01
3.298000e-01 4.292000e-01
1.922000e-01 3.390000e-01
4.700000e-01 2.293000e-01
5.188000e-01 1.844000e-01
7.660000e-02 4.559000e-01
2.579000e-01 2.325000e-01
1.259000e-01 3.997000e-01
2.180000e-01 5.141000e-01
3.980000e-02 8.427000e-01
2.120000e-01 2.551000e-01
3.785000e-01 2.583000e-01
4.660000e-01 4.787000e-01
1.481000e-01 2.766000e-01
4.362000e-01 5.740000e-02
4.778000e-01 7.820000e-02
5.140000e-02 4.459000e-01
1.041000e-01 4.274000e-01
3.243000e-01 6.188000e-01
4.731000e-01 4.801000e-01
1.483000e-01 1.043000e-01
5.699000e-01 2.715000e-01
2.290000e-01 4.339000e-01
4.379000e-01 9.700000e-02
6.141000e-01 2.129000e-01
9.000000e-03 4.688000e-01
3.140000e-02 4.404000e-01
4.179000e-01 2.995000e-01
3.592000e-01 3.007000e-01
2.671000e-01 4.560000e-01
3.773000e-01 4.152000e-01
1.639000e-01 4.260000e-02
5.324000e-01 2.570000e-01
4.369000e-01 1.284000e-01
1.537000e-01 5.024000e-01
3.694000e-01 3.477000e-01
2.354000e-01 4.663000e-01
2.851000e-01 6.349000e-01
4.081000e-01 4.970000e-01
3.762000e-01 1.799000e-01
3.431000e-01 6.388000e-01
5.896000e-01 9.380000e-02
4.350000e-01 2.368000e-01
5.260000e-02 4.397000e-01
6.789000e-01 3.063000e-01
6.360000e-02 6.346000e-01
3.493000e-01 2.995000e-01
5.341000e-01 1.592000e-01
1.936000e-01 3.533000e-01
1.201000e-01 3.379000e-01
5.315000e-01 8.070000e-02
3.241000e-01 4.065000e-01
1.692000e-01 7.139000e-01
3.930000e-01 3.970000e-01
1.121000e-01 5.458000e-01
2.702000e-01 4.056000e-01
1.468000e-01 6.600000e-01
1.867000e-01 5.481000e-01
3.614000e-01 3.869000e-01
2.235000e-01 3.399000e-01
1.406000e-01 2.948000e-01
2.030000e-02 9.413000e-01
5.380000e-01 3.031000e-01
2.159000e-01 4.540000e-01
2.081000e-01 4.875000e-01
2.475000e-01 5.199000e-01
3.726000e-01 2.650000e-02
3.779000e-01 8.710000e-02
1.350000e-02 3.127000e-01
1.000000e-02 5.912000e-01
7.498000e-01 2.096000e-01
5.425000e-01 2.331000e-01
1.370000e-01 5.641000e-01
3.420000e-01 3.332000e-01
3.072000e-01 5.297000e-01
2.847000e-01 6.989000e-01
2.561000e-01 4.199000e-01
3.850000e-01 2.679000e-01
2.598000e-01 4.811000e-01
4.012000e-01 2.923000e-01
1.339000e-01 6.178000e-01
1.405000e-01 5.212000e-01
1.884000e-01 5.538000e-01
1.591000e-01 4.347000e-01
7.730000e-02 2.367000e-01
1.892000e-01 2.795000e-01
3.686000e-01 4.411000e-01
4.764000e-01 1.844000e-01
1.470000e-01 4.364000e-01
4.067000e-01 5.303000e-01
4.733000e-01 1.071000e-01
1.110000e-02 4.717000e-01
3.327000e-01 4.272000e-01
4.889000e-01 3.028000e-01
1.922000e-01 1.027000e-01
2.776000e-01 2.952000e-01
2.963000e-01 2.460000e-02
6.034000e-01 1.435000e-01
1.970000e-02 3.921000e-01
3.384000e-01 4.283000e-01
7.037000e-01 2.478000e-01
5.441000e-01 2.873000e-01
8.230000e-02 7.425000e-01
4.854000e-01 7.790000e-02
4.643000e-01 4.228000e-01
3.431000e-01 2.655000e-01
8.512000e-01 1.109000e-01
3.099000e-01 1.574000e-01
5.789000e-01 1.915000e-01
3.368000e-01 8.280000e-02
1.257000e-01 6.558000e-01
2.170000e-02 8.608000e-01
8.350000e-02 7.143000e-01
2.607000e-01 1.635000e-01
4.520000e-02 8.223000e-01
4.620000e-01 2.761000e-01
6.130000e-02 3.688000e-01
4.062000e-01 6.300000e-02
2.314000e-01 3.192000e-01
3.702000e-01 3.560000e-02
3.622000e-01 3.902000e-01
5.914000e-01 3.276000e-01
5.493000e-01 4.126000e-01
6.641000e-01 3.780000e-02
3.970000e-01 1.167000e-01
3.791000e-01 3.871000e-01
3.020000e-02 5.699000e-01
3.913000e-01 2.568000e-01
1.969000e-01 2.186000e-01
4.151000e-01 1.890000e-02
1.769000e-01 3.251000e-01
4.581000e-01 4.992000e-01
2.470000e-01 5.362000e-01
2.073000e-01 1.310000e-01
3.382000e-01 2.667000e-01
1.555000e-01 5.119000e-01
3.547000e-01 5.385000e-01
5.377000e-01 1.797000e-01
6.498000e-01 1.120000e-02
1.257000e-01 6.254000e-01
7.728000e-01 9.150000e-02
6.493000e-01 1.177000e-01
8.940000e-02 4.235000e-01
1.470000e-01 1.456000e-01
1.324000e-01 3.856000e-01
5.163000e-01 9.300000e-03
3.552000e-01 4.773000e-01
6.726000e-01 2.835000e-01
5.029000e-01 2.628000e-01
4.011000e-01 4.292000e-01
7.000000e-03 5.461000e-01
2.540000e-01 3.910000e-01
3.473000e-01 6.299000e-01
5.760000e-01 4.800000e-03
4.206000e-01 4.015000e-01
1.792000e-01 1.255000e-01
3.433000e-01 2.121000e-01
1.468000e-01 2.814000e-01
4.718000e-01 2.580000e-02
3.125000e-01 3.083000e-01
3.393000e-01 1.490000e-01
1.264000e-01 5.943000e-01
2.668000e-01 4.835000e-01
1.886000e-01 3.022000e-01
3.742000e-01 6.500000e-02
3.087000e-01 4.039000e-01
1.925000e-01 5.261000e-01
3.041000e-01 3.601000e-01
4.628000e-01 3.640000e-01
1.096000e-01 3.147000e-01
1.667000e-01 4.177000e-01
1.072000e-01 6.315000e-01
9.148000e-01 2.000000e-04
4.250000e-01 2.600000e-01
1.617000e-01 2.833000e-01
5.182000e-01 1.680000e-01
4.569000e-01 4.148000e-01
4.556000e-01 4.502000e-01
1.455000e-01 3.662000e-01
5.663000e-01 8.560000e-02
4.886000e-01 9.790000e-02
1.943000e-01 4.803000e-01
6.694000e-01 2.318000e-01
6.180000e-02 5.315000e-01
2.292000e-01 4.078000e-01
2.003000e-01 3.734000e-01
3.037000e-01 6.852000e-01
2.201000e-01 4.189000e-01
3.970000e-01 2.335000e-01
7.161000e-01 1.110000e-02
2.056000e-01 4.784000e-01
3.759000e-01 3.750000e-01
3.287000e-01 1.925000e-01
1.924000e-01 4.226000e-01
3.154000e-01 2.638000e-01
3.962000e-01 3.834000e-01
8.020000e-02 2.422000e-01
2.908000e-01 3.475000e-01
3.427000e-01 2.100000e-01
3.635000e-01 2.610000e-01
5.267000e-01 1.920000e-02
4.333000e-01 1.134000e-01
5.076000e-01 1.776000e-01
3.942000e-01 3.051000e-01
1.968000e-01 3.026000e-01
4.055000e-01 3.136000e-01
4.613000e-01 4.248000e-01
5.120000e-01 4.853000e-01
1.756000e-01 3.547000e-01
6.508000e-01 1.954000e-01
4.373000e-01 1.356000e-01
3.377000e-01 3.912000e-01
3.338000e-01 3.975000e-01
4.808000e-01 1.960000e-01
9.140000e-02 4.407000e-01
2.079000e-01 3.997000e-01
5.068000e-01 4.190000e-01
4.473000e-01 2.978000e-01
3.357000e-01 7.860000e-02
6.760000e-02 7.827000e-01
2.897000e-01 3.544000e-01
8.390000e-02 4.316000e-01
7.755000e-01 3.590000e-02
5.888000e-01 2.514000e-01
4.932000e-01 3.841000e-01
4.115000e-01 1.662000e-01
4.900000e-03 4.997000e-01
1.246000e-01 4.053000e-01
1.850000e-01 4.313000e-01
3.997000e-01 3.986000e-01
7.400000e-02 4.051000e-01
2.905000e-01 3.545000e-01
4.960000e-01 4.405000e-01
4.395000e-01 4.984000e-01
4.960000e-02 6.001000e-01
4.967000e-01 2.300000e-02
5.518000e-01 4.073000e-01
3.782000e-01 3.827000e-01
5.517000e-01 3.079000e-01
4.069000e-01 2.202000e-01
5.335000e-01 1.295000e-01
3.483000e-01 4.785000e-01
5.007000e-01 4.429000e-01
1.119000e-01 5.774000e-01
1.400000e-03 4.502000e-01
4.798000e-01 2.986000e-01
7.900000e-02 5.000000e-01
2.460000e-01 2.853000e-01
2.334000e-01 3.525000e-01
2.734000e-01 3.088000e-01
1.064000e-01 3.859000e-01
2.053000e-01 3.326000e-01
3.099000e-01 3.612000e-01
3.773000e-01 5.367000e-01
4.049000e-01 3.652000e-01
2.132000e-01 6.103000e-01
3.922000e-01 3.411000e-01
2.612000e-01 3.095000e-01
1.714000e-01 5.655000e-01
6.740000e-02 8.556000e-01
5.826000e-01 2.310000e-01
5.681000e-01 8.440000e-02
4.286000e-01 3.880000e-02
1.468000e-01 8.283000e-01
1.339000e-01 5.293000e-01
1.568000e-01 6.562000e-01
2.956000e-01 5.589000e-01
3.222000e-01 3.256000e-01
3.997000e-01 2.735000e-01
6.589000e-01 1.338000e-01
3.700000e-02 5.518000e-01
3.026000e-01 3.417000e-01
4.053000e-01 2.391000e-01
4.785000e-01 4.034000e-01
1.375000e-01 4.325000e-01
1.191000e-01 7.206000e-01
4.766000e-01 1.708000e-01
1.777000e-01 3.997000e-01
1.225000e-01 4.917000e-01
4.434000e-01 3.007000e-01
4.378000e-01 5.457000e-01
5.252000e-01 1.371000e-01
2.861000e-01 2.700000e-01
1.571000e-01 4.690000e-01
2.919000e-01 3.327000e-01
2.199000e-01 3.772000e-01
2.916000e-01 3.234000e-01
4.625000e-01 2.477000e-01
8.797000e-01 3.750000e-02
6.859000e-01 2.259000e-01
5.135000e-01 2.223000e-01
3.715000e-01 4.664000e-01
2.469000e-01 3.571000e-01
2.655000e-01 3.350000e-01
3.804000e-01 5.212000e-01
6.423000e-01 3.127000e-01
3.776000e-01 3.240000e-02
6.176000e-01 2.725000e-01
4.906000e-01 1.207000e-01
4.378000e-01 3.151000e-01
3.104000e-01 4.117000e-01
3.080000e-01 6.191000e-01
3.392000e-01 5.883000e-01
4.704000e-01 5.990000e-02
1.070000e-02 7.913000e-01
4.112000e-01 1.706000e-01
2.742000e-01 4.652000e-01
4.822000e-01 1.650000e-02
8.647000e-01 2.490000e-02
3.748000e-01 6.080000e-01
6.136000e-01 3.523000e-01
4.987000e-01 2.754000e-01
9.100000e-02 4.062000e-01
6.046000e-01 3.749000e-01
1.011000e-01 2.359000e-01
3.175000e-01 3.858000e-01
8.673000e-01 6.500000e-02
2.973000e-01 3.466000e-01
2.213000e-01 2.781000e-01
2.935000e-01 3.748000e-01
2.391000e-01 3.545000e-01
4.250000e-01 1.599000e-01
3.048000e-01 3.605000e-01
1.496000e-01 3.718000e-01
6.964000e-01 2.383000e-01
3.813000e-01 2.504000e-01
4.745000e-01 1.294000e-01
1.407000e-01 2.175000e-01
2.528000e-01 5.018000e-01
6.370000e-01 1.941000e-01
1.334000e-01 3.200000e-01
4.239000e-01 1.501000e-01
6.730000e-02 4.822000e-01
2.827000e-01 6.686000e-01
3.757000e-01 2.700000e-01
6.392000e-01 2.401000e-01
6.255000e-01 1.588000e-01
4.098000e-01 1.011000e-01
5.774000e-01 3.174000e-01
2.242000e-01 3.198000e-01
4.040000e-01 2.849000e-01
6.792000e-01 2.692000e-01
5.150000e-02 5.121000e-01
3.322000e-01 5.643000e-01
3.634000e-01 4.774000e-01
4.437000e-01 4.058000e-01
1.777000e-01 3.492000e-01
2.753000e-01 6.600000e-02
4.293000e-01 4.062000e-01
2.870000e-01 3.172000e-01
1.560000e-01 3.954000e-01
4.037000e-01 3.517000e-01
4.204000e-01 1.795000e-01
4.653000e-01 4.096000e-01
4.050000e-01 5.213000e-01
3.228000e-01 3.621000e-01
3.190000e-02 8.864000e-01
6.720000e-02 1.890000e-01
4.027000e-01 3.716000e-01
4.397000e-01 1.112000e-01
1.021000e-01 4.729000e-01
4.136000e-01 3.438000e-01
4.713000e-01 5.760000e-02
6.244000e-01 3.308000e-01
2.817000e-01 3.309000e-01
1.717000e-01 4.023000e-01
5.000000e-01 2.026000e-01
6.010000e-02 1.798000e-01
2.257000e-01 2.811000e-01
4.210000e-01 2.538000e-01
4.003000e-01 2.075000e-01
3.690000e-01 4.584000e-01
3.587000e-01 5.248000e-01
1.914000e-01 5.923000e-01
7.720000e-02 4.066000e-01
5.788000e-01 2.513000e-01
3.634000e-01 5.302000e-01
4.562000e-01 2.213000e-01
2.190000e-02 6.670000e-01
3.152000e-01 2.673000e-01
5.409000e-01 1.411000e-01
2.065000e-01 4.018000e-01
3.271000e-01 1.392000e-01
4.703000e-01 4.462000e-01
2.171000e-01 2.331000e-01
2.074000e-01 3.724000e-01
3.045000e-01 4.314000e-01
3.027000e-01 1.151000e-01
2.876000e-01 5.800000e-01
2.426000e-01 1.742000e-01
9.430000e-02 3.359000e-01
3.878000e-01 1.767000e-01
5.005000e-01 3.921000e-01
4.166000e-01 2.559000e-01
4.033000e-01 1.715000e-01
2.819000e-01 2.392000e-01
2.611000e-01 3.805000e-01
1.566000e-01 4.839000e-01
2.393000e-01 4.528000e-01
3.250000e-01 2.095000e-01
4.865000e-01 2.228000e-01
5.030000e-01 1.691000e-01
1.993000e-01 5.354000e-01
2.795000e-01 4.604000e-01
1.586000e-01 2.305000e-01
3.449000e-01 6.335000e-01
4.057000e-01 3.053000e-01
9.210000e-02 8.434000e-01
4.791000e-01 8.590000e-02
5.716000e-01 7.920000e-02
9.100000e-03 5.054000e-01
6.790000e-02 6.668000e-01
1.517000e-01 6.749000e-01
4.920000e-01 3.857000e-01
9.610000e-02 6.828000e-01
2.347000e-01 3.495000e-01
4.784000e-01 1.675000e-01
3.750000e-01 5.223000e-01
5.574000e-01 1.389000e-01
1.240000e-02 1.834000e-01
3.512000e-01 3.239000e-01
4.249000e-01 2.042000e-01
1.215000e-01 4.156000e-01
4.622000e-01 2.548000e-01
7.220000e-02 5.227000e-01
1.850000e-01 4.914000e-01
1.027000e-01 5.879000e-01
1.610000e-02 5.884000e-01
9.090000e-02 5.700000e-01
4.544000e-01 3.278000e-01
4.023000e-01 3.763000e-01
3.000000e-01 4.560000e-02
2.761000e-01 3.704000e-01
2.145000e-01 4.136000e-01
2.168000e-01 6.102000e-01
5.997000e-01 1.258000e-01
6.759000e-01 1.630000e-01
4.160000e-01 2.552000e-01
2.443000e-01 2.118000e-01
9.215000e-01 1.180000e-02
6.865000e-01 7.060000e-02
5.455000e-01 2.809000e-01
1.794000e-01 2.888000e-01
5.020000e-02 6.890000e-01
1.909000e-01 4.180000e-02
4.968000e-01 6.890000e-02
3.130000e-01 3.593000e-01
2.659000e-01 3.523000e-01
2.468000e-01 3.073000e-01
4.846000e-01 4.111000e-01
3.660000e-01 3.648000e-01
1.388000e-01 5.610000e-02
4.712000e-01 4.792000e-01
4.015000e-01 4.652000e-01
2.055000e-01 3.837000e-01
4.324000e-01 5.200000e-03
5.566000e-01 7.150000e-02
1.085000e-01 4.598000e-01
2.114000e-01 3.845000e-01
1.339000e-01 3.755000e-01
2.696000e-01 6.342000e-01
3.137000e-01 1.224000e-01
4.416000e-01 2.622000e-01
8.340000e-02 3.561000e-01
4.776000e-01 2.108000e-01
1.909000e-01 3.618000e-01
5.340000e-02 6.952000e-01
3.026000e-01 1.613000e-01
4.106000e-01 4.000000e-01
3.487000e-01 3.158000e-01
2.736000e-01 3.129000e-01
5.473000e-01 1.339000e-01
3.971000e-01 3.717000e-01
5.739000e-01 4.255000e-01
2.224000e-01 2.593000e-01
2.368000e-01 3.101000e-01
2.960000e-01 4.255000e-01
2.896000e-01 3.473000e-01
1.925000e-01 4.383000e-01
1.240000e-01 4.968000e-01
4.792000e-01 3.961000e-01
1.663000e-01 8.163000e-01
2.245000e-01 3.408000e-01
1.203000e-01 7.379000e-01
2.400000e-01 2.634000e-01
4.071000e-01 3.045000e-01
2.094000e-01 6.374000e-01
7.584000e-01 1.434000e-01
3.032000e-01 5.188000e-01
5.424000e-01 2.217000e-01
2.260000e-01 7.340000e-02
1.524000e-01 4.373000e-01
4.383000e-01 3.713000e-01
2.140000e-01 3.616000e-01
5.154000e-01 7.700000e-03
6.174000e-01 2.600000e-02
4.457000e-01 2.517000e-01
