5.116000e-01 2.856000e-01
4.959000e-01 2.008000e-01
4.390000e-01 1.738000e-01
4.665000e-01 1.439000e-01
4.358000e-01 2.080000e-01
3.576000e-01 4.249000e-01
1.589000e-01 7.401000e-01
1.083000e-01 1.136000e-01
2.587000e-01 4.444000e-01
2.671000e-01 3.635000e-01
1.341000e-01 6.086000e-01
1.328000e-01 5.190000e-01
7.741000e-01 1.160000e-02
2.354000e-01 2.655000e-01
6.714000e-01 3.143000e-01
5.201000e-01 7.200000e-03
1.755000e-01 1.388000e-01
3.227000e-01 3.403000e-01
3.835000e-01 1.722000e-01
4.284000e-01 4.650000e-01
3.132000e-01 6.030000e-02
4.720000e-02 3.740000e-01
5.253000e-01 1.888000e-01
3.080000e-01 3.975000e-01
3.989000e-01 6.430000e-02
3.440000e-01 1.401000e-01
2.707000e-01 3.628000e-01
2.932000e-01 4.304000e-01
3.394000e-01 2.462000e-01
4.738000e-01 3.681000e-01
1.374000e-01 5.252000e-01
8.170000e-02 4.010000e-01
7.540000e-02 4.259000e-01
5.960000e-02 4.600000e-02
2.342000e-01 4.462000e-01
2.536000e-01 2.708000e-01
3.891000e-01 2.099000e-01
4.856000e-01 3.993000e-01
1.648000e-01 4.019000e-01
3.738000e-01 4.626000e-01
3.981000e-01 2.309000e-01
6.353000e-01 2.000000e-04
4.221000e-01 4.123000e-01
4.187000e-01 3.937000e-01
5.404000e-01 3.994000e-01
2.740000e-02 8.309000e-01
5.521000e-01 2.820000e-01
7.079000e-01 8.940000e-02
1.103000e-01 5.812000e-01
3.487000e-01 3.778000e-01
1.070000e-01 4.213000e-01
6.366000e-01 2.601000e-01
4.344000e-01 5.435000e-01
2.181000e-01 3.906000e-01
1.548000e-01 3.324000e-01
1.232000e-01 4.428000e-01
1.639000e-01 4.130000e-01
3.706000e-01 3.907000e-01
5.700000e-01 2.840000e-02
4.243000e-01 4.870000e-02
5.132000e-01 3.431000e-01
1.262000e-01 6.122000e-01
3.120000e-02 9.595000e-01
6.514000e-01 2.694000e-01
4.355000e-01 3.703000e-01
2.013000e-01 2.613000e-01
2.975000e-01 3.272000e-01
3.959000e-01 3.324000e-01
6.170000e-02 6.550000e-01
4.166000e-01 5.755000e-01
6.000000e-03 1.293000e-01
2.574000e-01 6.572000e-01
3.434000e-01 2.088000e-01
3.512000e-01 6.390000e-02
4.184000e-01 5.099000e-01
4.880000e-02 4.661000e-01
1.607000e-01 4.283000e-01
6.800000e-02 3.089000e-01
2.034000e-01 1.923000e-01
4.065000e-01 2.399000e-01
1.455000e-01 3.580000e-01
4.750000e-02 4.856000e-01
3.743000e-01 3.924000e-01
3.510000e-02 5.644000e-01
3.067000e-01 9.330000e-02
5.026000e-01 2.628000e-01
1.590000e-02 1.756000e-01
1.396000e-01 1.402000e-01
4.619000e-01 1.186000e-01
7.130000e-02 6.857000e-01
6.316000e-01 3.645000e-01
1.300000e-01 1.831000e-01
4.662000e-01 3.445000e-01
3.421000e-01 2.053000e-01
7.382000e-01 1.540000e-02
1.622000e-01 5.869000e-01
3.813000e-01 1.803000e-01
2.997000e-01 2.942000e-01
3.200000e-01 3.596000e-01
1.446000e-01 3.869000e-01
3.850000e-02 8.360000e-02
4.564000e-01 4.655000e-01
5.610000e-02 4.595000e-01
1.217000e-01 3.789000e-01
3.374000e-01 3.192000e-01
6.323000e-01 2.479000e-01
4.642000e-01 4.463000e-01
5.347000e-01 3.598000e-01
1.730000e-02 5.073000e-01
2.142000e-01 1.223000e-01
6.900000e-01 1.222000e-01
4.862000e-01 3.861000e-01
5.282000e-01 4.370000e-02
6.500000e-01 3.453000e-01
4.270000e-02 4.866000e-01
4.760000e-02 5.267000e-01
3.255000e-01 2.971000e-01
3.020000e-02 9.047000e-01
3.726000e-01 2.036000e-01
4.479000e-01 2.445000e-01
7.253000e-01 1.404000e-01
2.154000e-01 3.415000e-01
6.179000e-01 1.411000e-01
5.757000e-01 2.974000e-01
3.112000e-01 3.396000e-01
3.726000e-01 4.133000e-01
1.200000e-03 7.629000e-01
3.664000e-01 1.476000e-01
6.698000e-01 1.289000e-01
2.122000e-01 2.660000e-02
1.659000e-01 4.689000e-01
4.864000e-01 2.318000e-01
4.170000e-01 3.780000e-01
3.523000e-01 4.940000e-01
4.367000e-01 2.166000e-01
6.183000e-01 1.358000e-01
3.731000e-01 3.595000e-01
3.051000e-01 1.811000e-01
3.833000e-01 3.108000e-01
2.750000e-01 5.120000e-01
2.812000e-01 4.814000e-01
2.784000e-01 4.395000e-01
4.557000e-01 1.661000e-01
6.767000e-01 1.780000e-02
1.109000e-01 6.500000e-01
7.233000e-01 1.797000e-01
3.705000e-01 1.066000e-01
9.490000e-02 7.037000e-01
3.488000e-01 8.000000e-02
5.808000e-01 2.960000e-01
2.053000e-01 3.022000e-01
4.344000e-01 2.271000e-01
1.997000e-01 1.640000e-01
2.799000e-01 5.831000e-01
5.597000e-01 1.096000e-01
1.102000e-01 3.919000e-01
4.537000e-01 3.371000e-01
3.811000e-01 3.338000e-01
3.612000e-01 3.898000e-01
3.083000e-01 5.877000e-01
2.058000e-01 3.512000e-01
4.013000e-01 2.881000e-01
1.029000e-01 2.407000e-01
7.116000e-01 2.161000e-01
1.090000e-02 9.777000e-01
3.626000e-01 1.000000e-03
4.090000e-01 3.624000e-01
4.475000e-01 5.341000e-01
1.180000e-01 8.340000e-02
4.171000e-01 3.362000e-01
2.573000e-01 4.138000e-01
4.033000e-01 7.890000e-02
3.297000e-01 3.596000e-01
2.159000e-01 4.153000e-01
7.491000e-01 5.190000e-02
5.045000e-01 2.708000e-01
3.869000e-01 2.020000e-02
1.660000e-02 4.914000e-01
4.178000e-01 1.695000e-01
5.182000e-01 2.040000e-01
2.862000e-01 4.179000e-01
1.210000e-02 5.192000e-01
9.550000e-02 4.203000e-01
3.206000e-01 3.490000e-01
4.270000e-01 8.490000e-02
3.431000e-01 2.132000e-01
4.591000e-01 1.485000e-01
2.774000e-01 3.879000e-01
3.998000e-01 1.387000e-01
1.569000e-01 3.977000e-01
5.227000e-01 2.790000e-01
3.167000e-01 2.289000e-01
6.150000e-02 3.018000e-01
4.452000e-01 4.069000e-01
5.495000e-01 3.955000e-01
4.402000e-01 4.990000e-01
2.087000e-01 4.983000e-01
4.921000e-01 1.567000e-01
5.734000e-01 1.331000e-01
5.005000e-01 3.146000e-01
4.481000e-01 2.500000e-02
1.246000e-01 3.657000e-01
2.199000e-01 5.381000e-01
6.506000e-01 2.000000e-02
4.033000e-01 3.320000e-02
4.696000e-01 4.187000e-01
3.017000e-01 3.170000e-01
3.568000e-01 3.666000e-01
2.062000e-01 6.785000e-01
4.459000e-01 1.359000e-01
3.003000e-01 2.485000e-01
3.488000e-01 6.410000e-01
7.368000e-01 8.630000e-02
4.021000e-01 2.456000e-01
4.487000e-01 4.481000e-01
4.902000e-01 1.338000e-01
2.542000e-01 4.335000e-01
2.093000e-01 3.762000e-01
5.025000e-01 4.550000e-02
2.591000e-01 4.626000e-01
5.312000e-01 9.750000e-02
2.437000e-01 2.811000e-01
3.987000e-01 1.289000e-01
3.989000e-01 2.126000e-01
4.912000e-01 2.421000e-01
4.356000e-01 2.612000e-01
3.284000e-01 4.529000e-01
5.278000e-01 2.943000e-01
7.600000e-02 5.271000e-01
1.640000e-02 8.373000e-01
3.049000e-01 2.926000e-01
3.995000e-01 2.372000e-01
1.095000e-01 3.238000e-01
3.204000e-01 2.834000e-01
6.993000e-01 7.170000e-02
3.857000e-01 1.456000e-01
2.507000e-01 6.484000e-01
3.379000e-01 1.303000e-01
3.579000e-01 1.896000e-01
3.718000e-01 3.336000e-01
1.015000e-01 4.741000e-01
5.550000e-02 7.455000e-01
1.333000e-01 6.450000e-01
4.490000e-01 3.228000e-01
3.675000e-01 2.837000e-01
1.222000e-01 6.915000e-01
6.630000e-02 2.152000e-01
2.449000e-01 1.363000e-01
2.250000e-01 3.796000e-01
4.402000e-01 2.459000e-01
2.334000e-01 3.526000e-01
4.279000e-01 2.874000e-01
1.940000e-01 3.667000e-01
2.611000e-01 4.318000e-01
2.063000e-01 5.104000e-01
2.231000e-01 6.640000e-01
1.704000e-01 6.721000e-01
2.611000e-01 7.005000e-01
2.248000e-01 4.045000e-01
5.513000e-01 3.381000e-01
2.941000e-01 6.088000e-01
7.190000e-01 1.595000e-01
2.519000e-01 2.768000e-01
3.238000e-01 3.310000e-01
4.398000e-01 2.384000e-01
7.526000e-01 2.200000e-03
4.814000e-01 2.106000e-01
1.872000e-01 5.699000e-01
5.667000e-01 3.424000e-01
1.264000e-01 4.780000e-01
1.222000e-01 7.708000e-01
2.200000e-01 6.076000e-01
3.525000e-01 3.344000e-01
7.831000e-01 1.587000e-01
3.870000e-01 5.589000e-01
4.666000e-01 2.948000e-01
3.640000e-02 2.682000e-01
6.889000e-01 2.914000e-01
2.802000e-01 2.177000e-01
3.974000e-01 2.757000e-01
4.261000e-01 4.439000e-01
2.932000e-01 3.088000e-01
3.784000e-01 5.977000e-01
2.794000e-01 3.223000e-01
3.867000e-01 4.575000e-01
5.307000e-01 3.660000e-02
3.200000e-03 5.922000e-01
5.167000e-01 3.524000e-01
2.290000e-01 3.043000e-01
3.584000e-01 4.555000e-01
2.653000e-01 5.603000e-01
7.170000e-02 5.116000e-01
2.409000e-01 3.764000e-01
3.147000e-01 3.087000e-01
6.690000e-02 2.976000e-01
2.994000e-01 3.357000e-01
3.702000e-01 5.925000e-01
4.486000e-01 2.498000e-01
4.426000e-01 3.335000e-01
4.207000e-01 6.780000e-02
2.880000e-01 3.549000e-01
5.877000e-01 1.170000e-02
1.639000e-01 4.279000e-01
1.915000e-01 3.995000e-01
1.427000e-01 1.010000e-01
6.916000e-01 1.009000e-01
1.770000e-01 2.236000e-01
1.087000e-01 4.675000e-01
3.883000e-01 4.731000e-01
6.180000e-02 7.450000e-01
1.347000e-01 4.371000e-01
3.781000e-01 1.980000e-01
2.843000e-01 2.103000e-01
7.870000e-02 7.672000e-01
4.071000e-01 4.185000e-01
3.536000e-01 1.964000e-01
3.338000e-01 3.718000e-01
7.470000e-02 3.874000e-01
9.200000e-02 4.304000e-01
2.216000e-01 4.260000e-01
3.414000e-01 5.564000e-01
5.960000e-01 1.340000e-02
1.971000e-01 7.860000e-02
3.967000e-01 1.907000e-01
3.023000e-01 4.882000e-01
3.311000e-01 4.552000e-01
4.825000e-01 2.291000e-01
6.386000e-01 1.011000e-01
4.053000e-01 3.047000e-01
3.033000e-01 3.317000e-01
3.541000e-01 6.830000e-02
3.332000e-01 3.473000e-01
6.422000e-01 1.040000e-01
5.158000e-01 4.615000e-01
5.573000e-01 7.900000e-02
8.750000e-02 3.577000e-01
2.201000e-01 3.678000e-01
3.250000e-01 2.971000e-01
3.265000e-01 2.203000e-01
4.124000e-01 4.847000e-01
3.894000e-01 3.103000e-01
5.113000e-01 3.639000e-01
3.790000e-02 6.799000e-01
3.446000e-01 2.854000e-01
4.033000e-01 3.219000e-01
4.063000e-01 3.326000e-01
4.792000e-01 4.570000e-01
7.850000e-02 5.252000e-01
2.739000e-01 2.498000e-01
8.892000e-01 8.380000e-02
2.160000e-01 1.141000e-01
1.215000e-01 7.374000e-01
4.654000e-01 3.163000e-01
6.865000e-01 3.122000e-01
4.588000e-01 1.079000e-01
1.800000e-03 5.220000e-01
3.029000e-01 3.665000e-01
1.990000e-02 9.212000e-01
8.129000e-01 1.848000e-01
2.121000e-01 2.362000e-01
3.697000e-01 1.015000e-01
3.148000e-01 3.396000e-01
4.170000e-01 4.287000e-01
4.000000e-01 3.027000e-01
8.334000e-01 9.520000e-02
4.557000e-01 5.240000e-02
1.455000e-01 4.776000e-01
2.662000e-01 5.800000e-01
2.459000e-01 2.682000e-01
3.284000e-01 4.656000e-01
3.592000e-01 5.680000e-01
6.075000e-01 3.769000e-01
3.863000e-01 2.650000e-01
1.291000e-01 1.743000e-01
3.942000e-01 4.315000e-01
3.291000e-01 2.458000e-01
4.000000e-01 3.828000e-01
2.551000e-01 2.302000e-01
4.364000e-01 5.760000e-02
3.158000e-01 3.635000e-01
1.535000e-01 2.003000e-01
3.920000e-02 5.291000e-01
4.210000e-01 1.451000e-01
6.724000e-01 1.097000e-01
2.964000e-01 1.282000e-01
3.621000e-01 2.098000e-01
9.110000e-02 6.573000e-01
2.203000e-01 5.587000e-01
1.982000e-01 4.708000e-01
2.947000e-01 2.425000e-01
1.418000e-01 7.335000e-01
2.964000e-01 5.673000e-01
2.760000e-01 5.573000e-01
2.156000e-01 4.062000e-01
3.152000e-01 3.408000e-01
2.362000e-01 4.427000e-01
6.710000e-02 4.654000e-01
1.991000e-01 3.831000e-01
5.139000e-01 2.693000e-01
3.858000e-01 6.126000e-01
4.017000e-01 3.842000e-01
5.500000e-02 4.688000e-01
3.754000e-01 1.790000e-02
3.165000e-01 3.859000e-01
2.124000e-01 4.345000e-01
2.057000e-01 4.026000e-01
4.320000e-02 3.794000e-01
4.121000e-01 2.376000e-01
1.490000e-01 5.679000e-01
7.387000e-01 9.920000e-02
3.977000e-01 2.409000e-01
3.080000e-02 2.885000e-01
4.629000e-01 3.651000e-01
1.045000e-01 9.790000e-02
2.576000e-01 2.887000e-01
4.685000e-01 3.836000e-01
1.729000e-01 1.820000e-01
5.453000e-01 3.332000e-01
4.093000e-01 3.504000e-01
3.588000e-01 5.427000e-01
2.508000e-01 3.306000e-01
2.506000e-01 3.718000e-01
8.990000e-02 4.711000e-01
4.621000e-01 4.153000e-01
5.253000e-01 4.539000e-01
2.012000e-01 3.928000e-01
4.122000e-01 2.621000e-01
5.482000e-01 2.326000e-01
3.808000e-01 1.934000e-01
4.395000e-01 3.880000e-01
3.253000e-01 6.095000e-01
4.823000e-01 1.355000e-01
1.322000e-01 3.602000e-01
6.302000e-01 1.298000e-01
4.630000e-02 6.800000e-01
2.995000e-01 4.109000e-01
4.319000e-01 3.355000e-01
4.444000e-01 4.951000e-01
2.923000e-01 5.933000e-01
3.520000e-02 4.728000e-01
1.301000e-01 6.046000e-01
1.132000e-01 7.360000e-01
4.222000e-01 1.503000e-01
5.705000e-01 1.696000e-01
2.800000e-01 3.398000e-01
1.206000e-01 3.249000e-01
2.698000e-01 3.384000e-01
4.452000e-01 2.014000e-01
7.011000e-01 1.996000e-01
3.938000e-01 3.254000e-01
4.606000e-01 1.070000e-01
4.454000e-01 5.170000e-02
4.532000e-01 1.820000e-02
2.095000e-01 4.262000e-01
6.070000e-01 8.130000e-02
1.298000e-01 2.937000e-01
6.752000e-01 1.610000e-02
3.906000e-01 4.083000e-01
4.561000e-01 4.868000e-01
4.800000e-01 2.417000e-01
1.059000e-01 3.814000e-01
2.715000e-01 2.852000e-01
1.283000e-01 4.652000e-01
4.962000e-01 3.155000e-01
6.660000e-02 1.133000e-01
1.842000e-01 2.344000e-01
6.552000e-01 3.037000e-01
2.550000e-01 4.631000e-01
1.958000e-01 5.081000e-01
3.327000e-01 4.203000e-01
3.007000e-01 3.705000e-01
7.938000e-01 1.513000e-01
5.673000e-01 6.960000e-02
4.082000e-01 7.520000e-02
5.102000e-01 2.349000e-01
4.104000e-01 4.151000e-01
1.257000e-01 1.989000e-01
1.202000e-01 5.912000e-01
1.792000e-01 4.041000e-01
6.724000e-01 2.215000e-01
3.723000e-01 1.575000e-01
3.983000e-01 3.318000e-01
3.643000e-01 2.540000e-01
1.647000e-01 1.304000e-01
2.219000e-01 2.331000e-01
2.381000e-01 4.292000e-01
6.428000e-01 2.840000e-01
2.327000e-01 4.447000e-01
3.344000e-01 5.291000e-01
1.499000e-01 6.196000e-01
2.300000e-02 2.184000e-01
5.625000e-01 3.189000e-01
2.311000e-01 1.262000e-01
6.976000e-01 8.260000e-02
1.645000e-01 4.867000e-01
4.121000e-01 1.402000e-01
3.415000e-01 3.319000e-01
3.051000e-01 3.173000e-01
9.980000e-02 3.309000e-01
4.424000e-01 2.608000e-01
3.165000e-01 2.346000e-01
9.070000e-02 3.599000e-01
4.504000e-01 4.539000e-01
8.570000e-02 4.987000e-01
2.396000e-01 7.130000e-02
6.062000e-01 4.690000e-02
4.442000e-01 5.063000e-01
3.684000e-01 2.662000e-01
2.410000e-02 5.176000e-01
3.429000e-01 3.193000e-01
5.168000e-01 4.008000e-01
4.473000e-01 5.009000e-01
1.411000e-01 4.037000e-01
5.661000e-01 1.732000e-01
1.608000e-01 6.200000e-03
1.939000e-01 5.414000e-01
7.075000e-01 1.491000e-01
3.918000e-01 4.062000e-01
3.776000e-01 3.192000e-01
7.187000e-01 1.360000e-02
5.831000e-01 3.796000e-01
5.876000e-01 1.168000e-01
6.756000e-01 1.100000e-01
3.355000e-01 3.497000e-01
5.957000e-01 1.379000e-01
4.255000e-01 6.960000e-02
2.198000e-01 1.042000e-01
3.911000e-01 2.265000e-01
1.716000e-01 2.843000e-01
1.267000e-01 3.838000e-01
4.177000e-01 2.949000e-01
4.572000e-01 4.263000e-01
5.580000e-02 5.622000e-01
1.000000e-01 4.495000e-01
2.925000e-01 4.055000e-01
4.159000e-01 3.077000e-01
3.562000e-01 3.688000e-01
5.011000e-01 2.696000e-01
3.844000e-01 1.255000e-01
4.727000e-01 3.429000e-01
4.483000e-01 5.340000e-02
3.844000e-01 3.734000e-01
3.810000e-01 8.600000e-02
4.071000e-01 3.084000e-01
9.940000e-02 4.873000e-01
1.916000e-01 2.703000e-01
4.377000e-01 2.374000e-01
1.426000e-01 4.818000e-01
7.967000e-01 7.160000e-02
3.686000e-01 3.673000e-01
6.056000e-01 1.516000e-01
2.083000e-01 3.421000e-01
2.486000e-01 5.144000e-01
4.010000e-02 3.400000e-01
2.337000e-01 7.639000e-01
3.292000e-01 9.370000e-02
4.598000e-01 5.346000e-01
3.275000e-01 4.920000e-02
4.031000e-01 1.613000e-01
6.570000e-02 3.899000e-01
1.917000e-01 7.070000e-02
3.198000e-01 3.473000e-01
2.205000e-01 5.236000e-01
9.600000e-03 2.214000e-01
4.248000e-01 1.913000e-01
4.016000e-01 4.845000e-01
3.365000e-01 5.349000e-01
1.183000e-01 4.488000e-01
2.949000e-01 3.559000e-01
2.120000e-02 7.498000e-01
2.600000e-03 4.344000e-01
1.055000e-01 4.283000e-01
3.022000e-01 4.326000e-01
5.288000e-01 3.810000e-01
1.094000e-01 3.083000e-01
1.075000e-01 4.049000e-01
6.740000e-02 4.841000e-01
3.348000e-01 3.115000e-01
3.743000e-01 3.142000e-01
3.750000e-02 4.698000e-01
6.681000e-01 9.990000e-02
2.616000e-01 4.294000e-01
4.097000e-01 2.371000e-01
2.012000e-01 2.778000e-01
4.056000e-01 4.892000e-01
9.600000e-03 2.236000e-01
5.419000e-01 2.027000e-01
2.280000e-01 4.243000e-01
3.603000e-01 2.330000e-01
3.427000e-01 2.255000e-01
2.748000e-01 3.327000e-01
3.931000e-01 3.419000e-01
1.639000e-01 4.770000e-01
3.879000e-01 6.010000e-01
1.045000e-01 5.501000e-01
3.041000e-01 1.577000e-01
3.710000e-01 8.830000e-02
5.945000e-01 3.288000e-01
4.572000e-01 1.650000e-01
6.338000e-01 2.177000e-01
5.890000e-02 1.412000e-01
6.065000e-01 1.882000e-01
3.172000e-01 2.615000e-01
2.162000e-01 6.266000e-01
5.756000e-01 5.540000e-02
3.808000e-01 2.757000e-01
3.843000e-01 1.097000e-01
1.832000e-01 4.379000e-01
3.026000e-01 1.813000e-01
3.998000e-01 2.355000e-01
1.767000e-01 6.106000e-01
1.654000e-01 6.517000e-01
4.859000e-01 4.066000e-01
4.253000e-01 3.304000e-01
4.348000e-01 2.854000e-01
1.858000e-01 1.419000e-01
7.533000e-01 1.260000e-02
4.108000e-01 3.600000e-01
2.360000e-01 2.321000e-01
4.590000e-02 4.733000e-01
3.586000e-01 2.472000e-01
4.426000e-01 1.885000e-01
3.211000e-01 3.463000e-01
5.560000e-01 4.431000e-01
3.872000e-01 5.227000e-01
3.535000e-01 2.827000e-01
3.303000e-01 6.559000e-01
3.066000e-01 6.586000e-01
3.791000e-01 2.744000e-01
3.633000e-01 1.795000e-01
3.642000e-01 3.209000e-01
2.496000e-01 5.340000e-01
4.072000e-01 3.626000e-01
6.124000e-01 9.040000e-02
5.654000e-01 1.710000e-01
3.999000e-01 1.530000e-02
4.058000e-01 3.675000e-01
4.620000e-01 1.902000e-01
4.418000e-01 1.872000e-01
3.683000e-01 2.864000e-01
3.960000e-02 4.136000e-01
3.867000e-01 1.291000e-01
5.368000e-01 4.586000e-01
1.571000e-01 4.836000e-01
3.664000e-01 2.403000e-01
5.010000e-02 2.254000e-01
2.139000e-01 7.059000e-01
3.340000e-02 5.819000e-01
3.132000e-01 4.753000e-01
2.520000e-02 1.503000e-01
1.760000e-02 8.479000e-01
6.780000e-02 7.479000e-01
3.256000e-01 2.870000e-01
1.497000e-01 5.558000e-01
5.124000e-01 3.890000e-02
4.588000e-01 4.320000e-01
2.902000e-01 1.757000e-01
2.045000e-01 1.880000e-02
4.215000e-01 2.020000e-02
5.794000e-01 3.400000e-01
6.860000e-02 1.019000e-01
3.129000e-01 4.596000e-01
5.996000e-01 1.270000e-01
4.620000e-01 4.851000e-01
4.670000e-02 2.925000e-01
3.386000e-01 1.988000e-01
2.127000e-01 3.993000e-01
7.280000e-01 6.490000e-02
4.226000e-01 4.766000e-01
1.401000e-01 3.778000e-01
3.005000e-01 3.884000e-01
4.671000e-01 2.041000e-01
8.350000e-02 5.090000e-01
3.678000e-01 4.618000e-01
3.420000e-01 3.209000e-01
2.022000e-01 3.902000e-01
2.931000e-01 1.643000e-01
2.142000e-01 3.186000e-01
4.410000e-01 3.835000e-01
1.343000e-01 5.396000e-01
4.147000e-01 3.080000e-01
4.372000e-01 2.238000e-01
4.442000e-01 2.186000e-01
4.454000e-01 3.451000e-01
5.773000e-01 3.877000e-01
1.018000e-01 3.946000e-01
4.400000e-02 5.188000e-01
4.482000e-01 5.209000e-01
4.164000e-01 3.860000e-01
3.441000e-01 4.020000e-01
4.238000e-01 2.538000e-01
1.804000e-01 3.003000e-01
4.482000e-01 1.981000e-01
3.746000e-01 5.137000e-01
5.820000e-01 1.595000e-01
4.636000e-01 1.476000e-01
2.800000e-01 1.838000e-01
4.171000e-01 3.019000e-01
6.024000e-01 1.478000e-01
1.476000e-01 1.407000e-01
1.925000e-01 5.553000e-01
2.115000e-01 4.852000e-01
1.913000e-01 7.670000e-02
1.744000e-01 6.073000e-01
5.444000e-01 3.010000e-01
3.336000e-01 2.813000e-01
1.932000e-01 6.014000e-01
1.145000e-01 7.313000e-01
4.838000e-01 1.410000e-01
2.130000e-01 5.950000e-01
3.813000e-01 4.929000e-01
3.188000e-01 4.080000e-02
7.843000e-01 4.380000e-02
4.922000e-01 4.518000e-01
2.864000e-01 7.047000e-01
4.810000e-01 5.980000e-02
3.856000e-01 2.496000e-01
2.970000e-01 3.333000e-01
4.010000e-02 9.064000e-01
1.150000e-01 3.288000e-01
1.257000e-01 6.302000e-01
2.792000e-01 3.173000e-01
3.661000e-01 1.799000e-01
6.521000e-01 2.045000e-01
4.695000e-01 2.552000e-01
2.894000e-01 3.546000e-01
2.611000e-01 2.137000e-01
3.186000e-01 1.117000e-01
5.264000e-01 1.595000e-01
1.362000e-01 4.268000e-01
2.364000e-01 3.562000e-01
3.069000e-01 2.129000e-01
4.640000e-02 2.134000e-01
2.262000e-01 3.893000e-01
3.731000e-01 2.785000e-01
9.900000e-03 6.578000e-01
6.767000e-01 2.210000e-01
2.290000e-01 3.047000e-01
2.554000e-01 1.833000e-01
4.417000e-01 5.310000e-02
5.415000e-01 3.093000e-01
4.423000e-01 4.700000e-01
2.864000e-01 4.227000e-01
4.112000e-01 3.055000e-01
1.996000e-01 3.513000e-01
5.070000e-02 4.790000e-01
7.199000e-01 2.333000e-01
5.364000e-01 2.658000e-01
3.007000e-01 4.596000e-01
3.640000e-01 2.778000e-01
3.700000e-03 6.745000e-01
4.639000e-01 4.568000e-01
3.226000e-01 2.772000e-01
3.576000e-01 1.846000e-01
3.404000e-01 3.551000e-01
2.830000e-02 5.596000e-01
1.360000e-01 4.989000e-01
4.780000e-01 3.072000e-01
4.264000e-01 5.105000e-01
4.552000e-01 2.588000e-01
3.945000e-01 1.122000e-01
3.961000e-01 2.339000e-01
3.588000e-01 2.423000e-01
3.097000e-01 2.099000e-01
6.630000e-01 1.618000e-01
4.776000e-01 1.441000e-01
2.043000e-01 2.865000e-01
4.051000e-01 1.915000e-01
7.430000e-02 6.461000e-01
9.710000e-02 3.372000e-01
5.132000e-01 3.125000e-01
4.858000e-01 3.275000e-01
3.188000e-01 2.398000e-01
2.961000e-01 4.484000e-01
3.783000e-01 2.070000e-01
4.422000e-01 7.900000e-02
3.911000e-01 5.613000e-01
7.298000e-01 4.890000e-02
3.246000e-01 5.502000e-01
5.605000e-01 2.463000e-01
5.810000e-01 2.747000e-01
2.947000e-01 6.734000e-01
7.948000e-01 1.488000e-01
2.056000e-01 4.138000e-01
3.109000e-01 1.995000e-01
2.266000e-01 4.576000e-01
2.947000e-01 5.260000e-01
5.217000e-01 1.717000e-01
2.334000e-01 9.850000e-02
4.190000e-01 3.872000e-01
5.579000e-01 2.920000e-02
3.839000e-01 1.711000e-01
3.720000e-02 7.153000e-01
3.776000e-01 6.092000e-01
4.358000e-01 1.285000e-01
6.164000e-01 3.940000e-02
5.023000e-01 2.688000e-01
2.312000e-01 4.525000e-01
3.120000e-02 5.871000e-01
5.474000e-01 5.200000e-02
4.054000e-01 2.034000e-01
4.667000e-01 6.750000e-02
4.199000e-01 2.013000e-01
4.140000e-01 2.493000e-01
1.059000e-01 1.004000e-01
5.562000e-01 3.864000e-01
3.959000e-01 1.415000e-01
2.435000e-01 2.632000e-01
5.378000e-01 6.400000e-03
5.785000e-01 4.470000e-02
3.358000e-01 3.561000e-01
3.288000e-01 4.910000e-01
5.075000e-01 2.932000e-01
4.694000e-01 3.441000e-01
6.923000e-01 4.150000e-02
4.411000e-01 1.063000e-01
3.631000e-01 1.400000e-01
2.248000e-01 3.850000e-01
1.877000e-01 4.994000e-01
3.007000e-01 1.943000e-01
1.084000e-01 6.975000e-01
4.358000e-01 3.183000e-01
1.692000e-01 8.590000e-02
2.850000e-02 7.707000e-01
7.730000e-02 6.036000e-01
5.077000e-01 2.067000e-01
2.943000e-01 2.395000e-01
4.975000e-01 3.372000e-01
3.746000e-01 5.085000e-01
3.627000e-01 3.198000e-01
5.474000e-01 1.283000e-01
3.954000e-01 3.609000e-01
5.430000e-01 3.427000e-01
5.100000e-02 2.123000e-01
1.310000e-01 4.502000e-01
2.464000e-01 5.458000e-01
5.562000e-01 3.125000e-01
3.870000e-01 3.691000e-01
7.130000e-02 1.545000e-01
4.806000e-01 4.319000e-01
6.880000e-01 2.738000e-01
2.802000e-01 1.986000e-01
7.862000e-01 1.790000e-02
5.319000e-01 4.307000e-01
6.624000e-01 3.173000e-01
2.896000e-01 2.787000e-01
2.234000e-01 4.592000e-01
1.264000e-01 5.363000e-01
5.158000e-01 1.387000e-01
3.233000e-01 3.895000e-01
2.464000e-01 4.982000e-01
4.345000e-01 2.159000e-01
3.527000e-01 4.602000e-01
2.719000e-01 2.017000e-01
2.783000e-01 3.331000e-01
7.757000e-01 2.109000e-01
6.920000e-02 1.454000e-01
7.740000e-02 4.041000e-01
2.500000e-01 5.015000e-01
1.320000e-01 8.730000e-02
5.926000e-01 2.113000e-01
2.104000e-01 5.312000e-01
4.372000e-01 5.177000e-01
1.143000e-01 5.234000e-01
4.039000e-01 5.432000e-01
1.535000e-01 4.441000e-01
6.270000e-02 3.334000e-01
3.369000e-01 3.411000e-01
3.700000e-01 4.770000e-01
5.157000e-01 1.030000e-01
4.264000e-01 1.701000e-01
1.165000e-01 7.000000e-01
2.550000e-01 4.086000e-01
2.194000e-01 3.917000e-01
2.625000e-01 2.860000e-01
2.950000e-01 3.650000e-02
4.050000e-01 3.727000e-01
4.341000e-01 1.280000e-01
3.744000e-01 2.928000e-01
6.731000e-01 2.077000e-01
4.100000e-01 1.944000e-01
3.111000e-01 4.701000e-01
6.329000e-01 1.742000e-01
1.701000e-01 5.028000e-01
6.094000e-01 2.508000e-01
6.215000e-01 1.323000e-01
6.198000e-01 3.023000e-01
2.165000e-01 2.923000e-01
9.630000e-02 5.815000e-01
2.406000e-01 4.686000e-01
3.626000e-01 4.052000e-01
4.199000e-01 2.251000e-01
1.701000e-01 5.045000e-01
3.600000e-01 4.677000e-01
3.987000e-01 5.377000e-01
1.860000e-02 3.420000e-01
3.235000e-01 3.287000e-01
4.710000e-01 2.260000e-01
3.046000e-01 4.090000e-02
1.231000e-01 2.056000e-01
5.040000e-02 4.732000e-01
4.476000e-01 4.080000e-01
4.176000e-01 8.780000e-02
3.117000e-01 2.354000e-01
3.200000e-02 9.283000e-01
3.202000e-01 6.139000e-01
3.160000e-02 4.319000e-01
2.617000e-01 2.644000e-01
9.270000e-02 8.552000e-01
5.872000e-01 1.409000e-01
2.811000e-01 4.401000e-01
3.249000e-01 2.790000e-01
4.212000e-01 2.110000e-01
4.380000e-01 3.180000e-01
6.017000e-01 1.932000e-01
4.668000e-01 2.273000e-01
1.090000e-02 4.520000e-01
1.485000e-01 6.081000e-01
3.583000e-01 5.468000e-01
3.801000e-01 1.624000e-01
3.222000e-01 2.744000e-01
4.214000e-01 2.019000e-01
3.074000e-01 1.955000e-01
1.837000e-01 6.011000e-01
2.794000e-01 4.707000e-01
2.650000e-02 7.711000e-01
2.489000e-01 5.010000e-01
2.398000e-01 6.295000e-01
4.662000e-01 1.062000e-01
6.836000e-01 1.350000e-02
4.181000e-01 3.486000e-01
3.630000e-01 3.217000e-01
4.713000e-01 4.765000e-01
5.075000e-01 2.580000e-02
2.317000e-01 2.540000e-02
3.960000e-01 4.759000e-01
5.826000e-01 3.420000e-01
1.590000e-01 4.513000e-01
3.947000e-01 3.597000e-01
4.946000e-01 4.653000e-01
4.368000e-01 5.585000e-01
3.710000e-01 3.214000e-01
2.958000e-01 3.315000e-01
1.168000e-01 3.726000e-01
3.074000e-01 1.153000e-01
6.785000e-01 1.110000e-02
6.564000e-01 1.860000e-02
2.435000e-01 2.603000e-01
4.376000e-01 1.061000e-01
2.276000e-01 4.962000e-01
1.966000e-01 2.555000e-01
2.474000e-01 4.766000e-01
3.361000e-01 3.164000e-01
1.557000e-01 8.340000e-02
3.570000e-01 5.011000e-01
3.443000e-01 1.906000e-01
1.183000e-01 5.086000e-01
2.318000e-01 1.993000e-01
4.263000e-01 7.920000e-02
7.411000e-01 5.990000e-02
4.657000e-01 1.730000e-01
5.307000e-01 2.871000e-01
5.603000e-01 4.269000e-01
1.516000e-01 2.668000e-01
1.758000e-01 7.668000e-01
3.220000e-01 3.377000e-01
3.467000e-01 2.701000e-01
3.187000e-01 3.925000e-01
2.820000e-01 3.231000e-01
4.923000e-01 7.920000e-02
5.590000e-02 3.049000e-01
5.707000e-01 9.070000e-02
2.881000e-01 6.286000e-01
2.108000e-01 3.495000e-01
1.504000e-01 7.250000e-01
1.565000e-01 6.352000e-01
4.544000e-01 3.476000e-01
3.894000e-01 1.950000e-01
4.061000e-01 3.096000e-01
3.350000e-02 2.892000e-01
2.367000e-01 5.159000e-01
5.982000e-01 1.060000e-01
4.429000e-01 3.451000e-01
7.790000e-02 8.192000e-01
3.893000e-01 3.213000e-01
3.025000e-01 4.798000e-01
2.263000e-01 7.121000e-01
4.131000e-01 3.500000e-02
2.372000e-01 3.645000e-01
3.185000e-01 2.556000e-01
2.914000e-01 3.168000e-01
6.670000e-01 1.885000e-01
3.944000e-01 3.136000e-01
3.704000e-01 3.378000e-01
3.951000e-01 4.127000e-01
2.025000e-01 6.645000e-01
3.347000e-01 2.090000e-02
2.339000e-01 4.084000e-01
2.319000e-01 5.408000e-01
8.710000e-02 4.641000e-01
