3.357000e-01 7.860000e-02
2.199000e-01 3.772000e-01
1.445000e-01 6.616000e-01
5.826000e-01 3.420000e-01
6.240000e-01 1.555000e-01
6.859000e-01 2.259000e-01
6.698000e-01 1.289000e-01
4.713000e-01 4.765000e-01
2.802000e-01 1.986000e-01
4.660000e-01 4.787000e-01
1.176000e-01 6.162000e-01
3.420000e-01 3.332000e-01
3.700000e-02 5.518000e-01
2.396000e-01 7.130000e-02
1.633000e-01 4.027000e-01
6.690000e-02 2.976000e-01
2.748000e-01 3.327000e-01
4.557000e-01 1.661000e-01
1.264000e-01 5.943000e-01
3.185000e-01 6.004000e-01
6.836000e-01 1.350000e-02
3.390000e-02 3.710000e-01
2.142000e-01 3.186000e-01
3.883000e-01 4.731000e-01
6.174000e-01 2.600000e-02
2.181000e-01 3.906000e-01
3.872000e-01 5.227000e-01
3.633000e-01 1.795000e-01
2.223000e-01 7.598000e-01
5.045000e-01 2.708000e-01
3.748000e-01 6.080000e-01
2.963000e-01 2.460000e-02
4.199000e-01 2.013000e-01
2.264000e-01 1.133000e-01
2.326000e-01 3.591000e-01
4.286000e-01 1.561000e-01
3.080000e-02 2.885000e-01
6.281000e-01 2.548000e-01
4.640000e-02 3.894000e-01
3.080000e-01 5.781000e-01
4.383000e-01 3.713000e-01
1.647000e-01 1.304000e-01
4.033000e-01 1.715000e-01
3.344000e-01 5.291000e-01
1.535000e-01 2.003000e-01
3.998000e-01 1.387000e-01
2.965000e-01 7.830000e-02
4.333000e-01 1.953000e-01
4.486000e-01 2.498000e-01
2.039000e-01 4.867000e-01
3.690000e-01 4.584000e-01
7.498000e-01 2.096000e-01
9.215000e-01 1.180000e-02
2.317000e-01 2.540000e-02
3.710000e-01 3.214000e-01
1.499000e-01 6.196000e-01
3.879000e-01 6.010000e-01
7.967000e-01 7.160000e-02
2.506000e-01 3.718000e-01
3.132000e-01 3.887000e-01
4.021000e-01 2.456000e-01
1.145000e-01 7.313000e-01
5.596000e-01 1.076000e-01
4.151000e-01 1.890000e-02
4.578000e-01 2.400000e-01
4.552000e-01 2.588000e-01
7.000000e-03 5.461000e-01
3.720000e-02 7.153000e-01
3.074000e-01 1.955000e-01
1.649000e-01 5.366000e-01
2.364000e-01 3.562000e-01
8.390000e-02 4.316000e-01
3.878000e-01 1.767000e-01
4.071000e-01 3.045000e-01
5.681000e-01 8.440000e-02
2.981000e-01 5.025000e-01
4.588000e-01 4.320000e-01
1.075000e-01 4.049000e-01
5.026000e-01 2.628000e-01
1.353000e-01 1.438000e-01
2.337000e-01 7.639000e-01
3.710000e-01 8.830000e-02
3.954000e-01 3.609000e-01
4.104000e-01 4.151000e-01
3.967000e-01 1.907000e-01
6.302000e-01 1.298000e-01
4.124000e-01 4.847000e-01
4.031000e-01 1.613000e-01
8.940000e-02 4.235000e-01
3.743000e-01 3.924000e-01
2.513000e-01 4.297000e-01
4.204000e-01 2.035000e-01
7.075000e-01 1.491000e-01
3.338000e-01 3.975000e-01
3.832000e-01 2.869000e-01
9.600000e-03 2.214000e-01
4.473000e-01 5.009000e-01
5.518000e-01 4.073000e-01
4.357000e-01 4.596000e-01
7.526000e-01 2.200000e-03
3.126000e-01 3.522000e-01
5.368000e-01 4.586000e-01
5.379000e-01 1.850000e-02
2.958000e-01 3.315000e-01
9.780000e-02 4.492000e-01
4.054000e-01 2.034000e-01
3.117000e-01 2.354000e-01
2.406000e-01 4.686000e-01
7.011000e-01 1.996000e-01
3.066000e-01 6.586000e-01
2.025000e-01 6.645000e-01
1.183000e-01 4.488000e-01
1.370000e-01 5.641000e-01
4.010000e-02 3.400000e-01
3.643000e-01 5.100000e-01
1.590000e-02 1.756000e-01
5.527000e-01 7.560000e-02
1.302000e-01 5.207000e-01
7.382000e-01 1.540000e-02
4.824000e-01 2.206000e-01
4.662000e-01 1.062000e-01
6.210000e-02 3.856000e-01
4.249000e-01 2.042000e-01
2.772000e-01 1.592000e-01
2.400000e-01 2.634000e-01
1.257000e-01 6.558000e-01
6.094000e-01 2.508000e-01
5.257000e-01 1.544000e-01
5.926000e-01 2.113000e-01
4.636000e-01 1.476000e-01
6.183000e-01 1.358000e-01
2.540000e-01 3.910000e-01
1.497000e-01 5.558000e-01
2.122000e-01 2.660000e-02
3.235000e-01 3.287000e-01
2.449000e-01 1.363000e-01
4.712000e-01 4.792000e-01
4.316000e-01 5.700000e-03
4.074000e-01 3.199000e-01
4.147000e-01 3.080000e-01
6.820000e-02 3.599000e-01
1.259000e-01 3.997000e-01
5.667000e-01 3.424000e-01
4.013000e-01 2.881000e-01
3.697000e-01 1.015000e-01
7.116000e-01 2.161000e-01
3.271000e-01 1.392000e-01
1.448000e-01 2.863000e-01
4.667000e-01 6.750000e-02
1.115000e-01 3.460000e-01
2.696000e-01 6.342000e-01
2.118000e-01 3.381000e-01
3.284000e-01 4.529000e-01
3.137000e-01 1.224000e-01
4.772000e-01 1.143000e-01
4.097000e-01 2.371000e-01
4.886000e-01 9.790000e-02
5.120000e-01 4.853000e-01
3.160000e-02 4.319000e-01
4.170000e-01 3.780000e-01
4.733000e-01 1.071000e-01
5.124000e-01 2.973000e-01
5.377000e-01 1.797000e-01
3.811000e-01 3.338000e-01
2.653000e-01 5.603000e-01
4.325000e-01 2.588000e-01
1.800000e-03 5.220000e-01
4.921000e-01 1.567000e-01
4.520000e-01 1.762000e-01
1.971000e-01 7.860000e-02
2.459000e-01 2.682000e-01
1.418000e-01 7.335000e-01
2.460000e-01 2.853000e-01
5.285000e-01 4.408000e-01
2.203000e-01 5.587000e-01
3.570000e-01 5.011000e-01
3.512000e-01 3.592000e-01
2.496000e-01 5.340000e-01
3.392000e-01 5.883000e-01
9.210000e-02 8.434000e-01
5.550000e-02 7.455000e-01
4.072000e-01 3.626000e-01
5.707000e-01 9.070000e-02
4.221000e-01 4.123000e-01
2.520000e-02 1.503000e-01
3.080000e-01 3.975000e-01
6.024000e-01 1.478000e-01
4.665000e-01 1.439000e-01
1.390000e-02 3.445000e-01
1.701000e-01 5.028000e-01
2.334000e-01 3.526000e-01
3.813000e-01 6.166000e-01
4.780000e-01 3.072000e-01
3.962000e-01 3.834000e-01
2.096000e-01 3.275000e-01
2.095000e-01 4.262000e-01
7.126000e-01 1.025000e-01
3.188000e-01 4.080000e-02
6.078000e-01 2.020000e-01
1.590000e-01 4.513000e-01
3.434000e-01 3.586000e-01
3.656000e-01 1.202000e-01
4.369000e-01 1.284000e-01
3.355000e-01 3.497000e-01
5.597000e-01 1.096000e-01
6.558000e-01 3.118000e-01
1.350000e-02 3.127000e-01
4.581000e-01 4.992000e-01
3.726000e-01 2.650000e-02
5.521000e-01 2.820000e-01
3.911000e-01 5.613000e-01
2.671000e-01 3.635000e-01
2.121000e-01 2.362000e-01
3.220000e-01 3.377000e-01
1.165000e-01 7.000000e-01
1.524000e-01 4.373000e-01
3.910000e-02 5.217000e-01
9.690000e-02 2.936000e-01
1.468000e-01 2.814000e-01
4.483000e-01 5.340000e-02
3.328000e-01 4.006000e-01
5.430000e-01 3.427000e-01
1.516000e-01 2.668000e-01
1.571000e-01 4.836000e-01
1.014000e-01 2.271000e-01
8.570000e-02 4.987000e-01
1.262000e-01 6.122000e-01
4.666000e-01 2.948000e-01
2.997000e-01 2.942000e-01
4.544000e-01 3.476000e-01
3.379000e-01 5.670000e-02
7.411000e-01 5.990000e-02
5.590000e-02 3.049000e-01
3.023000e-01 4.882000e-01
7.741000e-01 1.160000e-02
4.846000e-01 4.111000e-01
6.624000e-01 3.173000e-01
4.946000e-01 4.653000e-01
2.947000e-01 2.425000e-01
6.630000e-01 1.618000e-01
2.941000e-01 6.088000e-01
3.211000e-01 3.463000e-01
3.241000e-01 4.065000e-01
3.527000e-01 4.602000e-01
1.539000e-01 4.908000e-01
8.129000e-01 1.848000e-01
4.808000e-01 1.960000e-01
5.324000e-01 2.570000e-01
6.179000e-01 1.411000e-01
2.219000e-01 2.331000e-01
3.989000e-01 6.430000e-02
4.011000e-01 4.292000e-01
1.055000e-01 4.283000e-01
1.777000e-01 3.492000e-01
4.694000e-01 3.441000e-01
2.736000e-01 3.129000e-01
6.521000e-01 2.045000e-01
6.752000e-01 1.610000e-02
3.974000e-01 2.757000e-01
3.512000e-01 3.239000e-01
3.742000e-01 6.500000e-02
4.577000e-01 2.650000e-01
6.215000e-01 1.323000e-01
7.470000e-02 4.927000e-01
4.564000e-01 4.655000e-01
6.130000e-02 3.688000e-01
7.280000e-01 6.490000e-02
3.541000e-01 6.830000e-02
2.611000e-01 2.137000e-01
5.597000e-01 2.606000e-01
3.420000e-01 3.209000e-01
2.740000e-02 8.309000e-01
4.426000e-01 3.335000e-01
3.798000e-01 1.510000e-01
4.199000e-01 2.251000e-01
1.968000e-01 3.026000e-01
4.880000e-02 4.661000e-01
6.360000e-02 6.346000e-01
5.562000e-01 3.864000e-01
1.059000e-01 1.004000e-01
1.622000e-01 5.869000e-01
3.431000e-01 2.132000e-01
3.130000e-01 3.593000e-01
3.971000e-01 3.717000e-01
4.159000e-01 3.077000e-01
3.514000e-01 3.436000e-01
1.909000e-01 4.180000e-02
2.867000e-01 4.832000e-01
1.339000e-01 6.178000e-01
1.481000e-01 1.802000e-01
3.500000e-01 1.896000e-01
9.580000e-02 1.345000e-01
2.066000e-01 3.069000e-01
3.918000e-01 4.062000e-01
3.750000e-01 5.223000e-01
1.644000e-01 3.449000e-01
1.021000e-01 4.729000e-01
9.920000e-02 3.810000e-01
5.982000e-01 1.060000e-01
5.157000e-01 1.030000e-01
6.630000e-02 2.152000e-01
2.032000e-01 7.576000e-01
2.945000e-01 3.157000e-01
4.713000e-01 5.760000e-02
4.177000e-01 2.949000e-01
1.150000e-02 6.132000e-01
1.517000e-01 6.749000e-01
2.812000e-01 4.814000e-01
2.276000e-01 4.962000e-01
5.253000e-01 4.539000e-01
2.248000e-01 4.045000e-01
7.071000e-01 2.277000e-01
3.484000e-01 3.435000e-01
3.200000e-01 3.596000e-01
3.026000e-01 3.417000e-01
3.524000e-01 3.287000e-01
4.370000e-01 1.083000e-01
5.573000e-01 7.900000e-02
3.951000e-01 4.127000e-01
2.443000e-01 2.118000e-01
2.947000e-01 5.260000e-01
9.940000e-02 4.873000e-01
2.468000e-01 3.073000e-01
2.168000e-01 6.102000e-01
2.160000e-01 1.141000e-01
4.481000e-01 2.500000e-02
2.817000e-01 4.376000e-01
1.841000e-01 1.720000e-01
1.300000e-01 1.831000e-01
1.645000e-01 4.867000e-01
5.760000e-01 4.800000e-03
4.160000e-01 2.552000e-01
2.814000e-01 4.219000e-01
3.049000e-01 2.926000e-01
2.864000e-01 7.047000e-01
1.932000e-01 6.014000e-01
3.999000e-01 1.530000e-02
3.959000e-01 1.415000e-01
9.328000e-01 6.030000e-02
2.410000e-02 5.176000e-01
4.058000e-01 3.675000e-01
3.588000e-01 2.423000e-01
3.114000e-01 3.199000e-01
1.488000e-01 6.166000e-01
3.213000e-01 4.047000e-01
4.745000e-01 3.248000e-01
3.285000e-01 4.037000e-01
4.057000e-01 3.053000e-01
2.464000e-01 4.982000e-01
5.201000e-01 7.200000e-03
2.655000e-01 3.350000e-01
2.970000e-01 3.333000e-01
5.473000e-01 1.339000e-01
5.404000e-01 3.994000e-01
3.626000e-01 1.000000e-03
5.378000e-01 6.400000e-03
3.808000e-01 1.934000e-01
3.375000e-01 1.149000e-01
4.912000e-01 2.421000e-01
3.348000e-01 3.115000e-01
4.422000e-01 7.900000e-02
2.190000e-02 6.670000e-01
3.421000e-01 2.053000e-01
2.881000e-01 6.286000e-01
4.379000e-01 9.700000e-02
4.270000e-01 8.490000e-02
4.940000e-01 2.317000e-01
3.776000e-01 3.240000e-02
6.034000e-01 1.435000e-01
4.760000e-02 5.267000e-01
1.289000e-01 6.433000e-01
3.122000e-01 4.264000e-01
5.513000e-01 3.381000e-01
2.943000e-01 2.395000e-01
2.973000e-01 3.466000e-01
1.200000e-03 7.629000e-01
5.167000e-01 3.524000e-01
1.990000e-02 9.212000e-01
2.094000e-01 6.374000e-01
2.775000e-01 3.822000e-01
1.734000e-01 4.070000e-02
3.706000e-01 3.907000e-01
4.165000e-01 2.794000e-01
2.034000e-01 1.923000e-01
4.703000e-01 4.462000e-01
5.005000e-01 3.146000e-01
3.087000e-01 4.039000e-01
4.457000e-01 2.517000e-01
4.210000e-01 1.451000e-01
4.222000e-01 1.503000e-01
3.361000e-01 3.164000e-01
3.715000e-01 4.664000e-01
3.863000e-01 2.650000e-01
4.243000e-01 4.870000e-02
8.350000e-02 7.143000e-01
2.056000e-01 4.138000e-01
1.022000e-01 3.412000e-01
4.961000e-01 2.664000e-01
1.322000e-01 3.602000e-01
1.991000e-01 3.831000e-01
8.647000e-01 2.490000e-02
1.064000e-01 3.859000e-01
5.135000e-01 2.223000e-01
7.755000e-01 3.590000e-02
3.175000e-01 3.624000e-01
3.336000e-01 2.813000e-01
3.552000e-01 4.773000e-01
3.600000e-01 4.677000e-01
2.142000e-01 1.223000e-01
3.523000e-01 4.940000e-01
3.187000e-01 3.925000e-01
5.734000e-01 1.331000e-01
1.468000e-01 8.283000e-01
4.760000e-01 1.442000e-01
3.850000e-02 8.360000e-02
4.922000e-01 4.518000e-01
3.327000e-01 4.272000e-01
3.870000e-01 3.691000e-01
7.130000e-02 1.545000e-01
8.673000e-01 6.500000e-02
4.814000e-01 2.106000e-01
3.308000e-01 3.852000e-01
4.264000e-01 1.822000e-01
9.090000e-02 5.700000e-01
4.153000e-01 1.540000e-01
5.158000e-01 4.615000e-01
5.264000e-01 1.595000e-01
4.462000e-01 2.529000e-01
4.791000e-01 8.590000e-02
7.253000e-01 1.404000e-01
1.083000e-01 1.136000e-01
3.930000e-01 3.970000e-01
1.090000e-02 4.520000e-01
2.832000e-01 4.873000e-01
6.784000e-01 3.530000e-02
4.603000e-01 3.840000e-02
6.498000e-01 1.120000e-02
2.132000e-01 6.103000e-01
2.760000e-01 5.573000e-01
3.508000e-01 2.672000e-01
3.980000e-02 8.427000e-01
4.900000e-03 4.997000e-01
2.248000e-01 3.850000e-01
5.154000e-01 7.700000e-03
2.966000e-01 3.866000e-01
3.810000e-02 4.674000e-01
5.896000e-01 9.380000e-02
2.528000e-01 5.018000e-01
2.899000e-01 1.329000e-01
1.646000e-01 3.708000e-01
5.347000e-01 3.598000e-01
3.512000e-01 6.390000e-02
1.553000e-01 2.964000e-01
1.940000e-01 3.667000e-01
3.612000e-01 6.870000e-02
4.362000e-01 5.740000e-02
3.536000e-01 1.964000e-01
5.389000e-01 3.107000e-01
1.804000e-01 3.003000e-01
6.629000e-01 2.139000e-01
7.730000e-02 2.367000e-01
4.016000e-01 4.845000e-01
6.198000e-01 3.023000e-01
2.469000e-01 3.571000e-01
1.072000e-01 6.315000e-01
4.460000e-02 5.755000e-01
4.798000e-01 2.986000e-01
3.200000e-01 2.438000e-01
6.243000e-01 2.409000e-01
1.468000e-01 6.600000e-01
7.230000e-02 2.749000e-01
3.723000e-01 1.575000e-01
6.295000e-01 1.212000e-01
4.010000e-02 9.064000e-01
6.552000e-01 3.037000e-01
1.958000e-01 5.081000e-01
6.366000e-01 2.601000e-01
4.987000e-01 2.754000e-01
5.441000e-01 2.873000e-01
6.270000e-02 3.334000e-01
1.059000e-01 3.814000e-01
1.744000e-01 6.073000e-01
2.205000e-01 5.236000e-01
4.854000e-01 7.790000e-02
5.020000e-01 1.480000e-01
4.426000e-01 1.885000e-01
6.900000e-01 1.222000e-01
3.440000e-01 1.401000e-01
5.945000e-01 3.288000e-01
8.200000e-02 3.972000e-01
3.005000e-01 3.884000e-01
4.264000e-01 1.701000e-01
6.976000e-01 8.260000e-02
3.813000e-01 2.504000e-01
9.140000e-02 4.407000e-01
1.264000e-01 4.780000e-01
5.120000e-01 4.395000e-01
2.053000e-01 3.326000e-01
1.936000e-01 6.086000e-01
1.640000e-02 8.373000e-01
2.855000e-01 4.224000e-01
6.714000e-01 3.143000e-01
3.277000e-01 4.629000e-01
3.694000e-01 3.477000e-01
2.216000e-01 4.260000e-01
4.366000e-01 2.181000e-01
5.341000e-01 1.592000e-01
3.562000e-01 3.688000e-01
5.409000e-01 1.411000e-01
3.275000e-01 3.312000e-01
7.233000e-01 1.797000e-01
9.100000e-03 5.054000e-01
3.690000e-01 3.900000e-01
3.658000e-01 2.323000e-01
3.746000e-01 5.137000e-01
1.215000e-01 7.374000e-01
4.015000e-01 4.652000e-01
6.075000e-01 3.769000e-01
1.298000e-01 2.937000e-01
3.200000e-02 9.283000e-01
2.587000e-01 4.444000e-01
3.520000e-02 4.728000e-01
3.664000e-01 1.476000e-01
4.106000e-01 4.000000e-01
1.979000e-01 3.389000e-01
5.495000e-01 3.955000e-01
2.118000e-01 3.470000e-02
4.570000e-02 2.934000e-01
4.063000e-01 3.326000e-01
3.338000e-01 3.718000e-01
7.044000e-01 1.491000e-01
6.570000e-01 2.914000e-01
1.860000e-01 4.308000e-01
2.789000e-01 2.966000e-01
4.437000e-01 4.058000e-01
2.931000e-01 2.968000e-01
1.455000e-01 3.580000e-01
4.053000e-01 2.391000e-01
6.423000e-01 3.127000e-01
7.831000e-01 1.587000e-01
5.859000e-01 2.743000e-01
3.051000e-01 3.173000e-01
2.934000e-01 3.185000e-01
3.913000e-01 2.568000e-01
4.177000e-01 3.699000e-01
2.919000e-01 3.327000e-01
2.707000e-01 3.628000e-01
5.773000e-01 3.877000e-01
2.794000e-01 3.223000e-01
4.214000e-01 2.019000e-01
7.730000e-02 6.036000e-01
3.782000e-01 3.827000e-01
6.740000e-02 4.841000e-01
6.506000e-01 2.000000e-02
1.222000e-01 6.915000e-01
5.810000e-01 2.747000e-01
4.065000e-01 2.399000e-01
6.740000e-02 8.556000e-01
6.392000e-01 2.401000e-01
5.365000e-01 2.480000e-01
1.132000e-01 7.360000e-01
3.165000e-01 2.346000e-01
3.707000e-01 1.407000e-01
3.960000e-02 4.136000e-01
4.051000e-01 1.915000e-01
3.487000e-01 3.778000e-01
1.481000e-01 2.766000e-01
2.616000e-01 4.294000e-01
3.926000e-01 2.173000e-01
1.617000e-01 2.833000e-01
4.368000e-01 5.585000e-01
3.392000e-01 1.989000e-01
7.938000e-01 1.513000e-01
1.694000e-01 4.260000e-01
2.508000e-01 3.306000e-01
2.847000e-01 6.989000e-01
5.005000e-01 3.921000e-01
4.960000e-01 4.405000e-01
7.900000e-02 5.000000e-01
4.081000e-01 4.970000e-01
1.535000e-01 4.441000e-01
2.947000e-01 6.734000e-01
3.129000e-01 4.596000e-01
5.253000e-01 1.888000e-01
2.165000e-01 2.923000e-01
3.201000e-01 4.830000e-01
1.231000e-01 2.056000e-01
4.764000e-01 1.844000e-01
3.942000e-01 3.051000e-01
4.588000e-01 1.079000e-01
4.718000e-01 2.580000e-02
1.917000e-01 7.070000e-02
4.163000e-01 1.928000e-01
2.799000e-01 5.831000e-01
5.772000e-01 2.573000e-01
7.757000e-01 2.109000e-01
3.592000e-01 3.007000e-01
3.222000e-01 2.744000e-01
4.088000e-01 2.088000e-01
5.785000e-01 4.470000e-02
1.084000e-01 6.975000e-01
2.464000e-01 5.458000e-01
5.610000e-02 4.595000e-01
1.660000e-02 4.914000e-01
4.131000e-01 3.500000e-02
3.622000e-01 3.902000e-01
3.394000e-01 2.462000e-01
3.967000e-01 5.983000e-01
3.785000e-01 2.583000e-01
3.003000e-01 2.485000e-01
3.429000e-01 2.566000e-01
1.639000e-01 4.770000e-01
8.892000e-01 8.380000e-02
5.140000e-01 1.385000e-01
6.316000e-01 3.645000e-01
8.640000e-02 5.272000e-01
1.406000e-01 2.151000e-01
1.257000e-01 1.989000e-01
5.340000e-02 6.952000e-01
5.890000e-02 1.412000e-01
3.657000e-01 3.577000e-01
5.947000e-01 3.001000e-01
3.074000e-01 1.153000e-01
3.148000e-01 3.396000e-01
2.702000e-01 4.056000e-01
2.698000e-01 3.384000e-01
3.684000e-01 2.662000e-01
3.754000e-01 1.790000e-02
1.215000e-01 4.156000e-01
4.191000e-01 4.432000e-01
3.867000e-01 1.291000e-01
6.851000e-01 5.080000e-02
7.130000e-02 6.857000e-01
5.307000e-01 3.660000e-02
3.446000e-01 2.854000e-01
5.716000e-01 7.920000e-02
3.995000e-01 2.372000e-01
4.438000e-01 2.243000e-01
4.204000e-01 1.795000e-01
5.102000e-01 2.349000e-01
2.073000e-01 1.310000e-01
7.720000e-02 4.066000e-01
4.621000e-01 4.153000e-01
3.584000e-01 4.555000e-01
4.923000e-01 7.920000e-02
1.455000e-01 3.662000e-01
3.844000e-01 3.734000e-01
1.608000e-01 3.771000e-01
3.265000e-01 2.203000e-01
6.243000e-01 3.112000e-01
9.970000e-02 5.155000e-01
3.998000e-01 2.355000e-01
4.806000e-01 4.319000e-01
3.292000e-01 9.370000e-02
3.275000e-01 4.920000e-02
5.517000e-01 3.079000e-01
1.406000e-01 2.948000e-01
4.416000e-01 2.622000e-01
5.182000e-01 2.040000e-01
5.768000e-01 3.573000e-01
4.561000e-01 4.868000e-01
3.069000e-01 2.129000e-01
5.831000e-01 3.796000e-01
3.852000e-01 3.588000e-01
2.074000e-01 3.724000e-01
6.353000e-01 2.000000e-04
3.026000e-01 1.813000e-01
1.333000e-01 6.450000e-01
2.120000e-01 2.551000e-01
4.454000e-01 3.451000e-01
4.215000e-01 2.020000e-02
1.767000e-01 6.106000e-01
1.320000e-02 6.302000e-01
6.428000e-01 2.840000e-01
3.970000e-01 1.167000e-01
3.256000e-01 2.870000e-01
4.959000e-01 2.008000e-01
1.930000e-01 1.109000e-01
3.048000e-01 3.605000e-01
1.210000e-02 5.192000e-01
1.095000e-01 3.238000e-01
2.925000e-01 4.055000e-01
5.070000e-02 4.790000e-01
3.070000e-02 8.685000e-01
2.318000e-01 1.993000e-01
3.132000e-01 4.753000e-01
4.378000e-01 5.457000e-01
2.310000e-01 2.168000e-01
1.591000e-01 4.347000e-01
5.020000e-02 6.890000e-01
1.729000e-01 6.418000e-01
4.410000e-01 3.835000e-01
2.876000e-01 2.298000e-01
4.179000e-01 2.995000e-01
2.062000e-01 6.785000e-01
4.159000e-01 2.582000e-01
1.717000e-01 4.023000e-01
3.989000e-01 2.126000e-01
2.053000e-01 3.022000e-01
6.724000e-01 1.097000e-01
1.143000e-01 5.234000e-01
9.550000e-02 4.203000e-01
5.158000e-01 1.387000e-01
4.291000e-01 4.938000e-01
3.099000e-01 1.574000e-01
6.255000e-01 1.588000e-01
1.164000e-01 6.692000e-01
6.070000e-01 8.130000e-02
3.322000e-01 5.643000e-01
5.458000e-01 1.637000e-01
2.243000e-01 3.344000e-01
2.145000e-01 7.789000e-01
6.860000e-02 1.019000e-01
2.065000e-01 4.018000e-01
4.864000e-01 2.318000e-01
3.022000e-01 4.326000e-01
3.112000e-01 3.396000e-01
4.638000e-01 1.047000e-01
1.860000e-02 3.420000e-01
3.055000e-01 5.041000e-01
2.250000e-01 3.796000e-01
2.582000e-01 4.658000e-01
4.532000e-01 1.820000e-02
4.290000e-01 5.515000e-01
5.675000e-01 4.143000e-01
6.660000e-02 1.133000e-01
1.264000e-01 5.363000e-01
1.571000e-01 4.690000e-01
2.650000e-02 7.711000e-01
3.813000e-01 1.803000e-01
5.150000e-02 4.315000e-01
7.470000e-02 3.874000e-01
3.640000e-02 2.682000e-01
3.007000e-01 4.596000e-01
2.451000e-01 2.864000e-01
2.555000e-01 3.958000e-01
1.586000e-01 2.305000e-01
2.108000e-01 3.495000e-01
3.167000e-01 2.289000e-01
3.839000e-01 1.711000e-01
5.182000e-01 1.680000e-01
1.168000e-01 3.726000e-01
5.115000e-01 4.133000e-01
4.975000e-01 3.372000e-01
2.194000e-01 3.917000e-01
2.534000e-01 3.568000e-01
3.642000e-01 3.209000e-01
3.488000e-01 6.410000e-01
4.050000e-01 5.213000e-01
2.124000e-01 4.345000e-01
6.916000e-01 1.009000e-01
2.850000e-02 7.707000e-01
2.820000e-01 4.354000e-01
4.487000e-01 4.481000e-01
2.199000e-01 5.381000e-01
1.411000e-01 4.037000e-01
2.213000e-01 2.781000e-01
3.041000e-01 3.601000e-01
3.920000e-02 5.291000e-01
4.341000e-01 1.280000e-01
4.401000e-01 2.552000e-01
1.381000e-01 7.060000e-02
2.030000e-02 9.413000e-01
3.588000e-01 5.427000e-01
5.608000e-01 2.560000e-02
3.067000e-01 9.330000e-02
3.222000e-01 3.256000e-01
1.916000e-01 2.703000e-01
3.893000e-01 3.213000e-01
4.794000e-01 1.997000e-01
5.474000e-01 1.283000e-01
5.168000e-01 4.008000e-01
2.058000e-01 3.512000e-01
5.668000e-01 2.880000e-01
6.800000e-02 3.089000e-01
2.750000e-01 5.120000e-01
4.286000e-01 3.880000e-02
2.280000e-01 4.243000e-01
3.776000e-01 3.192000e-01
4.800000e-01 2.417000e-01
4.319000e-01 3.355000e-01
1.388000e-01 5.610000e-02
3.020000e-02 5.699000e-01
3.472000e-01 4.431000e-01
2.435000e-01 2.632000e-01
3.630000e-01 3.217000e-01
1.001000e-01 4.355000e-01
4.261000e-01 4.439000e-01
6.160000e-02 4.665000e-01
4.032000e-01 5.885000e-01
5.132000e-01 3.125000e-01
2.994000e-01 3.357000e-01
3.029000e-01 3.665000e-01
9.610000e-02 6.828000e-01
2.081000e-01 4.875000e-01
4.166000e-01 5.755000e-01
2.576000e-01 2.887000e-01
1.339000e-01 5.293000e-01
2.660000e-01 4.185000e-01
4.100000e-01 1.944000e-01
5.140000e-02 4.459000e-01
4.858000e-01 3.275000e-01
2.083000e-01 3.421000e-01
2.975000e-01 3.272000e-01
2.127000e-01 3.993000e-01
3.347000e-01 2.090000e-02
5.826000e-01 2.310000e-01
2.334000e-01 9.850000e-02
4.856000e-01 3.993000e-01
4.418000e-01 1.872000e-01
6.065000e-01 1.882000e-01
1.806000e-01 3.826000e-01
3.315000e-01 2.005000e-01
3.568000e-01 3.666000e-01
5.823000e-01 1.706000e-01
3.627000e-01 3.198000e-01
6.062000e-01 4.690000e-02
2.334000e-01 3.525000e-01
1.070000e-02 7.913000e-01
5.699000e-01 2.715000e-01
4.710000e-01 2.260000e-01
4.182000e-01 1.593000e-01
2.292000e-01 4.078000e-01
6.710000e-02 4.654000e-01
2.554000e-01 1.833000e-01
5.877000e-01 1.170000e-02
1.794000e-01 2.888000e-01
2.819000e-01 2.392000e-01
5.075000e-01 2.932000e-01
3.287000e-01 1.925000e-01
1.997000e-01 1.640000e-01
3.125000e-01 3.083000e-01
5.068000e-01 4.190000e-01
4.376000e-01 1.061000e-01
2.398000e-01 6.295000e-01
3.250000e-01 2.095000e-01
4.061000e-01 3.096000e-01
2.025000e-01 4.817000e-01
4.003000e-01 2.075000e-01
2.603000e-01 4.830000e-01
4.452000e-01 2.014000e-01
1.360000e-01 4.989000e-01
4.314000e-01 4.203000e-01
2.995000e-01 4.109000e-01
2.802000e-01 2.177000e-01
1.103000e-01 5.812000e-01
3.441000e-01 4.020000e-01
2.907000e-01 2.780000e-02
5.229000e-01 1.856000e-01
3.547000e-01 5.385000e-01
3.850000e-01 2.679000e-01
2.901000e-01 3.226000e-01
2.156000e-01 4.062000e-01
3.891000e-01 2.099000e-01
1.886000e-01 3.022000e-01
3.586000e-01 2.472000e-01
3.206000e-01 3.490000e-01
4.395000e-01 3.880000e-01
1.777000e-01 3.997000e-01
2.923000e-01 5.933000e-01
5.707000e-01 1.193000e-01
2.140000e-01 3.616000e-01
4.400000e-02 5.188000e-01
7.161000e-01 1.110000e-02
6.362000e-01 3.170000e-01
3.350000e-02 2.892000e-01
4.112000e-01 3.055000e-01
5.124000e-01 2.344000e-01
3.190000e-02 8.864000e-01
4.377000e-01 2.374000e-01
3.702000e-01 3.560000e-02
5.227000e-01 2.790000e-01
5.267000e-01 1.920000e-02
3.783000e-01 2.070000e-01
2.290000e-01 3.047000e-01
3.944000e-01 3.136000e-01
7.862000e-01 1.790000e-02
2.827000e-01 6.686000e-01
4.324000e-01 5.200000e-03
2.792000e-01 3.173000e-01
4.411000e-01 1.063000e-01
3.678000e-01 4.618000e-01
5.296000e-01 2.952000e-01
3.870000e-01 2.836000e-01
3.097000e-01 2.099000e-01
9.600000e-03 2.236000e-01
2.145000e-01 4.136000e-01
3.938000e-01 4.348000e-01
4.810000e-01 5.980000e-02
4.380000e-01 3.180000e-01
5.100000e-02 3.835000e-01
5.789000e-01 1.915000e-01
3.172000e-01 2.615000e-01
2.591000e-01 4.626000e-01
2.550000e-01 4.631000e-01
6.865000e-01 7.060000e-02
3.631000e-01 1.400000e-01
4.784000e-01 1.675000e-01
3.987000e-01 5.377000e-01
5.307000e-01 2.871000e-01
1.660000e-01 3.429000e-01
4.121000e-01 2.376000e-01
2.242000e-01 3.198000e-01
4.851000e-01 3.718000e-01
5.794000e-01 3.400000e-01
1.877000e-01 4.994000e-01
8.797000e-01 3.750000e-02
4.640000e-02 2.134000e-01
4.190000e-01 3.872000e-01
3.993000e-01 8.520000e-02
6.724000e-01 2.215000e-01
1.730000e-02 5.073000e-01
6.370000e-01 1.941000e-01
3.987000e-01 1.289000e-01
4.176000e-01 8.780000e-02
4.272000e-01 3.263000e-01
3.041000e-01 1.577000e-01
3.947000e-01 3.597000e-01
3.228000e-01 3.621000e-01
4.825000e-01 2.291000e-01
1.969000e-01 2.186000e-01
1.240000e-01 4.968000e-01
1.667000e-01 4.177000e-01
4.033000e-01 7.890000e-02
5.076000e-01 1.776000e-01
3.702000e-01 5.925000e-01
3.384000e-01 4.283000e-01
4.573000e-01 5.113000e-01
4.344000e-01 2.271000e-01
2.470000e-01 5.362000e-01
9.860000e-02 4.785000e-01
6.493000e-01 1.177000e-01
3.368000e-01 8.280000e-02
3.487000e-01 3.158000e-01
3.099000e-01 3.612000e-01
7.880000e-02 3.953000e-01
7.039000e-01 1.022000e-01
1.555000e-01 5.119000e-01
6.726000e-01 2.835000e-01
3.285000e-01 3.432000e-01
3.109000e-01 1.995000e-01
1.842000e-01 2.344000e-01
2.056000e-01 4.784000e-01
1.913000e-01 7.670000e-02
2.503000e-01 4.350000e-01
6.785000e-01 1.110000e-02
9.630000e-02 5.815000e-01
1.183000e-01 5.086000e-01
4.792000e-01 3.961000e-01
4.613000e-01 4.248000e-01
2.932000e-01 3.088000e-01
5.876000e-01 1.168000e-01
4.420000e-02 5.973000e-01
4.378000e-01 3.151000e-01
4.045000e-01 4.258000e-01
2.935000e-01 3.748000e-01
4.643000e-01 4.228000e-01
7.728000e-01 9.150000e-02
9.490000e-02 7.037000e-01
3.429000e-01 3.193000e-01
3.120000e-02 9.595000e-01
4.960000e-02 6.001000e-01
4.108000e-01 3.600000e-01
3.860000e-01 2.921000e-01
3.431000e-01 2.655000e-01
3.186000e-01 1.117000e-01
4.356000e-01 2.612000e-01
2.662000e-01 5.800000e-01
3.525000e-01 3.344000e-01
3.518000e-01 4.383000e-01
3.233000e-01 3.895000e-01
3.790000e-02 6.799000e-01
7.138000e-01 2.806000e-01
1.470000e-01 1.456000e-01
6.790000e-02 6.668000e-01
5.132000e-01 3.431000e-01
3.226000e-01 2.772000e-01
3.945000e-01 1.122000e-01
4.033000e-01 3.219000e-01
3.589000e-01 1.307000e-01
4.776000e-01 1.441000e-01
4.822000e-01 1.039000e-01
1.011000e-01 2.359000e-01
5.605000e-01 2.463000e-01
3.386000e-01 1.988000e-01
5.557000e-01 2.492000e-01
2.862000e-01 4.179000e-01
3.358000e-01 3.561000e-01
2.864000e-01 4.227000e-01
4.206000e-01 4.015000e-01
2.888000e-01 2.087000e-01
3.032000e-01 5.188000e-01
8.990000e-02 4.970000e-01
2.551000e-01 2.302000e-01
4.838000e-01 1.410000e-01
4.364000e-01 1.345000e-01
5.065000e-01 4.589000e-01
3.180000e-01 3.304000e-01
2.603000e-01 2.726000e-01
2.600000e-03 4.344000e-01
